# messageDelay  cumulativeProbability
0.1000 0.0002
0.1000 0.0003
0.1000 0.0005
0.1000 0.0007
0.1000 0.0008
0.1000 0.0010
0.1000 0.0012
0.1000 0.0013
0.1000 0.0015
0.1000 0.0017
0.1000 0.0018
0.1000 0.0020
0.1000 0.0022
0.1000 0.0023
0.1000 0.0025
0.1000 0.0027
0.1000 0.0028
0.1000 0.0030
0.1000 0.0032
0.1000 0.0033
0.1000 0.0035
0.1000 0.0037
0.1000 0.0039
0.1000 0.0040
0.1000 0.0042
0.1000 0.0044
0.1000 0.0045
0.1000 0.0047
0.1000 0.0049
0.1000 0.0050
0.1000 0.0052
0.1000 0.0054
0.1000 0.0055
0.1000 0.0057
0.1000 0.0059
0.1000 0.0060
0.1000 0.0062
0.1000 0.0064
0.1000 0.0065
0.1000 0.0067
0.1000 0.0069
0.1000 0.0070
0.1000 0.0072
0.1000 0.0074
0.1000 0.0075
0.1000 0.0077
0.1000 0.0079
0.1000 0.0080
0.1000 0.0082
0.1000 0.0084
0.1000 0.0085
0.1000 0.0087
0.1000 0.0089
0.1000 0.0090
0.1000 0.0092
0.1000 0.0094
0.1000 0.0095
0.1000 0.0097
0.1000 0.0099
0.1000 0.0100
0.1000 0.0102
0.2000 0.0104
0.3000 0.0105
0.3000 0.0107
0.3000 0.0109
0.4000 0.0111
0.5000 0.0112
0.7000 0.0114
0.7000 0.0116
1.0000 0.0117
1.0000 0.0119
1.0000 0.0121
1.1000 0.0122
1.2000 0.0124
1.3000 0.0126
1.4000 0.0127
1.6000 0.0129
1.6000 0.0131
1.6000 0.0132
2.0000 0.0134
2.0000 0.0136
2.0000 0.0137
2.3000 0.0139
2.6000 0.0141
2.6000 0.0142
2.8000 0.0144
2.8000 0.0146
2.9000 0.0147
3.3000 0.0149
3.3000 0.0151
3.4000 0.0152
3.5000 0.0154
3.7000 0.0156
4.2000 0.0157
4.3000 0.0159
4.3000 0.0161
4.3000 0.0162
4.4000 0.0164
4.4000 0.0166
4.5000 0.0167
4.8000 0.0169
4.9000 0.0171
4.9000 0.0172
5.0000 0.0174
5.1000 0.0176
5.2000 0.0177
5.5000 0.0179
5.7000 0.0181
5.8000 0.0183
5.8000 0.0184
6.0000 0.0186
6.6000 0.0188
6.7000 0.0189
6.7000 0.0191
6.8000 0.0193
6.9000 0.0194
7.4000 0.0196
7.7000 0.0198
7.8000 0.0199
8.0000 0.0201
8.1000 0.0203
8.1000 0.0204
8.1000 0.0206
8.2000 0.0208
8.4000 0.0209
8.5000 0.0211
8.5000 0.0213
8.6000 0.0214
8.8000 0.0216
8.8000 0.0218
9.0000 0.0219
9.3000 0.0221
9.4000 0.0223
9.6000 0.0224
10.1000 0.0226
10.1000 0.0228
10.4000 0.0229
10.5000 0.0231
10.6000 0.0233
10.9000 0.0234
11.0000 0.0236
11.2000 0.0238
11.3000 0.0239
11.3000 0.0241
11.5000 0.0243
11.5000 0.0244
11.5000 0.0246
12.3000 0.0248
12.4000 0.0249
12.6000 0.0251
12.7000 0.0253
12.9000 0.0255
13.3000 0.0256
13.5000 0.0258
13.7000 0.0260
14.2000 0.0261
15.1000 0.0263
15.3000 0.0265
15.4000 0.0266
16.0000 0.0268
16.2000 0.0270
16.2000 0.0271
16.2000 0.0273
16.3000 0.0275
16.4000 0.0276
16.5000 0.0278
17.2000 0.0280
17.3000 0.0281
17.6000 0.0283
17.6000 0.0285
18.0000 0.0286
18.0000 0.0288
18.0000 0.0290
18.2000 0.0291
18.6000 0.0293
19.0000 0.0295
19.1000 0.0296
19.3000 0.0298
19.5000 0.0300
19.8000 0.0301
19.9000 0.0303
20.1000 0.0305
20.1000 0.0306
20.2000 0.0308
20.3000 0.0310
20.6000 0.0311
20.6000 0.0313
21.0000 0.0315
21.4000 0.0316
21.6000 0.0318
21.7000 0.0320
21.9000 0.0322
21.9000 0.0323
22.0000 0.0325
22.2000 0.0327
22.3000 0.0328
22.3000 0.0330
22.4000 0.0332
22.6000 0.0333
22.9000 0.0335
23.1000 0.0337
23.2000 0.0338
23.3000 0.0340
23.4000 0.0342
23.6000 0.0343
23.9000 0.0345
24.0000 0.0347
24.0000 0.0348
24.5000 0.0350
24.5000 0.0352
24.7000 0.0353
24.8000 0.0355
25.0000 0.0357
25.1000 0.0358
25.3000 0.0360
25.3000 0.0362
25.5000 0.0363
25.5000 0.0365
25.8000 0.0367
25.8000 0.0368
25.9000 0.0370
26.0000 0.0372
26.0000 0.0373
26.1000 0.0375
26.2000 0.0377
26.3000 0.0378
26.3000 0.0380
26.4000 0.0382
26.6000 0.0383
26.7000 0.0385
26.7000 0.0387
27.0000 0.0388
27.6000 0.0390
28.0000 0.0392
28.1000 0.0394
28.4000 0.0395
28.6000 0.0397
28.6000 0.0399
29.2000 0.0400
29.5000 0.0402
29.6000 0.0404
29.7000 0.0405
29.8000 0.0407
30.0000 0.0409
30.1000 0.0410
30.3000 0.0412
30.5000 0.0414
30.5000 0.0415
30.7000 0.0417
30.8000 0.0419
30.9000 0.0420
31.0000 0.0422
31.4000 0.0424
31.6000 0.0425
31.7000 0.0427
31.8000 0.0429
32.0000 0.0430
32.0000 0.0432
32.0000 0.0434
32.3000 0.0435
32.3000 0.0437
32.9000 0.0439
33.3000 0.0440
33.4000 0.0442
33.9000 0.0444
34.0000 0.0445
34.0000 0.0447
34.4000 0.0449
34.8000 0.0450
35.1000 0.0452
35.1000 0.0454
35.4000 0.0455
35.6000 0.0457
35.7000 0.0459
35.8000 0.0460
35.9000 0.0462
36.5000 0.0464
37.0000 0.0466
38.0000 0.0467
38.0000 0.0469
38.3000 0.0471
38.6000 0.0472
38.8000 0.0474
38.9000 0.0476
39.0000 0.0477
39.1000 0.0479
39.4000 0.0481
39.6000 0.0482
39.7000 0.0484
39.9000 0.0486
39.9000 0.0487
40.1000 0.0489
40.3000 0.0491
41.1000 0.0492
41.4000 0.0494
41.5000 0.0496
42.4000 0.0497
42.5000 0.0499
42.6000 0.0501
42.6000 0.0502
42.8000 0.0504
42.9000 0.0506
42.9000 0.0507
43.2000 0.0509
43.2000 0.0511
43.3000 0.0512
43.8000 0.0514
43.8000 0.0516
44.1000 0.0517
44.2000 0.0519
44.5000 0.0521
44.9000 0.0522
45.2000 0.0524
45.4000 0.0526
45.5000 0.0527
45.6000 0.0529
45.8000 0.0531
45.8000 0.0532
46.0000 0.0534
46.1000 0.0536
46.6000 0.0538
46.6000 0.0539
46.8000 0.0541
46.9000 0.0543
46.9000 0.0544
47.1000 0.0546
47.4000 0.0548
48.2000 0.0549
48.3000 0.0551
48.6000 0.0553
48.6000 0.0554
48.9000 0.0556
48.9000 0.0558
49.0000 0.0559
49.2000 0.0561
49.4000 0.0563
49.8000 0.0564
50.0000 0.0566
50.0000 0.0568
50.1000 0.0569
50.2000 0.0571
50.4000 0.0573
50.4000 0.0574
50.5000 0.0576
50.6000 0.0578
50.7000 0.0579
50.8000 0.0581
51.4000 0.0583
51.4000 0.0584
51.5000 0.0586
51.6000 0.0588
52.1000 0.0589
52.2000 0.0591
52.3000 0.0593
52.7000 0.0594
52.8000 0.0596
53.7000 0.0598
53.9000 0.0599
53.9000 0.0601
54.7000 0.0603
54.8000 0.0604
54.9000 0.0606
55.4000 0.0608
55.6000 0.0610
56.3000 0.0611
56.7000 0.0613
57.1000 0.0615
57.5000 0.0616
57.6000 0.0618
58.5000 0.0620
58.6000 0.0621
58.6000 0.0623
59.2000 0.0625
59.2000 0.0626
59.3000 0.0628
59.4000 0.0630
59.4000 0.0631
59.5000 0.0633
59.5000 0.0635
59.8000 0.0636
59.9000 0.0638
60.5000 0.0640
60.7000 0.0641
60.9000 0.0643
60.9000 0.0645
60.9000 0.0646
61.0000 0.0648
61.2000 0.0650
61.3000 0.0651
61.6000 0.0653
61.7000 0.0655
61.8000 0.0656
61.8000 0.0658
62.2000 0.0660
62.5000 0.0661
62.6000 0.0663
62.9000 0.0665
63.4000 0.0666
63.7000 0.0668
63.7000 0.0670
63.9000 0.0671
64.0000 0.0673
64.0000 0.0675
64.1000 0.0676
64.5000 0.0678
64.7000 0.0680
64.8000 0.0682
65.0000 0.0683
65.2000 0.0685
65.5000 0.0687
65.9000 0.0688
66.2000 0.0690
66.3000 0.0692
66.5000 0.0693
66.6000 0.0695
66.8000 0.0697
66.8000 0.0698
66.8000 0.0700
66.9000 0.0702
67.3000 0.0703
67.3000 0.0705
67.5000 0.0707
67.9000 0.0708
67.9000 0.0710
68.0000 0.0712
68.7000 0.0713
68.7000 0.0715
68.9000 0.0717
69.1000 0.0718
69.3000 0.0720
69.9000 0.0722
70.0000 0.0723
70.2000 0.0725
70.3000 0.0727
70.9000 0.0728
70.9000 0.0730
71.0000 0.0732
71.2000 0.0733
71.7000 0.0735
71.8000 0.0737
72.0000 0.0738
72.2000 0.0740
72.5000 0.0742
72.5000 0.0743
72.7000 0.0745
72.7000 0.0747
72.7000 0.0748
72.9000 0.0750
73.0000 0.0752
73.1000 0.0754
73.3000 0.0755
73.5000 0.0757
73.8000 0.0759
73.8000 0.0760
74.0000 0.0762
74.1000 0.0764
74.1000 0.0765
74.3000 0.0767
74.4000 0.0769
74.5000 0.0770
74.5000 0.0772
74.7000 0.0774
75.3000 0.0775
75.5000 0.0777
75.9000 0.0779
76.0000 0.0780
76.3000 0.0782
76.5000 0.0784
76.6000 0.0785
76.7000 0.0787
76.7000 0.0789
76.9000 0.0790
77.0000 0.0792
77.3000 0.0794
77.4000 0.0795
77.5000 0.0797
77.6000 0.0799
77.6000 0.0800
78.0000 0.0802
78.0000 0.0804
78.4000 0.0805
78.6000 0.0807
79.1000 0.0809
80.1000 0.0810
80.4000 0.0812
80.6000 0.0814
81.1000 0.0815
81.7000 0.0817
82.5000 0.0819
82.7000 0.0820
83.0000 0.0822
84.1000 0.0824
84.1000 0.0826
84.2000 0.0827
84.4000 0.0829
84.4000 0.0831
84.9000 0.0832
85.3000 0.0834
85.5000 0.0836
85.7000 0.0837
85.9000 0.0839
86.1000 0.0841
86.2000 0.0842
86.3000 0.0844
86.3000 0.0846
86.4000 0.0847
87.0000 0.0849
87.0000 0.0851
87.2000 0.0852
87.2000 0.0854
87.4000 0.0856
87.4000 0.0857
87.5000 0.0859
87.8000 0.0861
87.9000 0.0862
88.0000 0.0864
88.1000 0.0866
88.1000 0.0867
89.1000 0.0869
89.5000 0.0871
89.7000 0.0872
89.8000 0.0874
90.0000 0.0876
90.4000 0.0877
90.9000 0.0879
91.2000 0.0881
91.5000 0.0882
91.8000 0.0884
92.1000 0.0886
92.1000 0.0887
92.2000 0.0889
93.0000 0.0891
93.3000 0.0892
94.2000 0.0894
94.6000 0.0896
94.7000 0.0898
95.1000 0.0899
95.4000 0.0901
95.5000 0.0903
95.7000 0.0904
96.0000 0.0906
96.0000 0.0908
96.1000 0.0909
96.2000 0.0911
96.3000 0.0913
96.6000 0.0914
96.7000 0.0916
97.7000 0.0918
97.9000 0.0919
98.4000 0.0921
98.6000 0.0923
98.8000 0.0924
98.9000 0.0926
99.0000 0.0928
99.1000 0.0929
99.2000 0.0931
99.4000 0.0933
99.5000 0.0934
99.5000 0.0936
99.7000 0.0938
99.8000 0.0939
100.3000 0.0941
100.4000 0.0943
100.5000 0.0944
100.8000 0.0946
100.9000 0.0948
100.9000 0.0949
101.2000 0.0951
101.3000 0.0953
101.7000 0.0954
101.7000 0.0956
102.0000 0.0958
102.4000 0.0959
103.1000 0.0961
103.3000 0.0963
103.4000 0.0965
103.9000 0.0966
103.9000 0.0968
103.9000 0.0970
104.0000 0.0971
104.3000 0.0973
104.3000 0.0975
105.6000 0.0976
105.7000 0.0978
106.4000 0.0980
106.4000 0.0981
106.9000 0.0983
106.9000 0.0985
107.5000 0.0986
107.9000 0.0988
108.0000 0.0990
108.7000 0.0991
108.7000 0.0993
109.9000 0.0995
110.0000 0.0996
110.3000 0.0998
110.4000 0.1000
110.4000 0.1001
111.1000 0.1003
111.2000 0.1005
111.2000 0.1006
112.2000 0.1008
112.4000 0.1010
113.1000 0.1011
113.3000 0.1013
113.3000 0.1015
113.5000 0.1016
113.6000 0.1018
114.0000 0.1020
114.3000 0.1021
115.2000 0.1023
115.4000 0.1025
115.8000 0.1026
116.3000 0.1028
116.6000 0.1030
116.7000 0.1031
117.5000 0.1033
117.7000 0.1035
118.1000 0.1037
118.9000 0.1038
119.2000 0.1040
119.5000 0.1042
119.8000 0.1043
120.0000 0.1045
120.1000 0.1047
120.4000 0.1048
120.5000 0.1050
121.0000 0.1052
121.1000 0.1053
121.5000 0.1055
121.5000 0.1057
121.6000 0.1058
122.5000 0.1060
122.7000 0.1062
122.8000 0.1063
123.4000 0.1065
124.2000 0.1067
124.3000 0.1068
124.3000 0.1070
124.5000 0.1072
125.6000 0.1073
125.8000 0.1075
126.4000 0.1077
126.4000 0.1078
127.1000 0.1080
127.5000 0.1082
127.9000 0.1083
129.8000 0.1085
130.0000 0.1087
130.1000 0.1088
130.2000 0.1090
130.3000 0.1092
130.3000 0.1093
130.5000 0.1095
130.9000 0.1097
131.8000 0.1098
131.9000 0.1100
132.5000 0.1102
133.9000 0.1103
134.4000 0.1105
134.5000 0.1107
135.1000 0.1109
136.8000 0.1110
137.0000 0.1112
137.9000 0.1114
138.0000 0.1115
138.5000 0.1117
138.8000 0.1119
138.9000 0.1120
139.0000 0.1122
139.1000 0.1124
139.2000 0.1125
139.3000 0.1127
139.9000 0.1129
140.2000 0.1130
140.4000 0.1132
140.6000 0.1134
141.0000 0.1135
141.6000 0.1137
141.9000 0.1139
142.5000 0.1140
142.5000 0.1142
142.5000 0.1144
142.6000 0.1145
143.1000 0.1147
143.3000 0.1149
143.7000 0.1150
144.3000 0.1152
144.4000 0.1154
144.5000 0.1155
144.7000 0.1157
145.4000 0.1159
145.7000 0.1160
146.1000 0.1162
146.6000 0.1164
147.3000 0.1165
147.3000 0.1167
148.2000 0.1169
148.6000 0.1170
149.5000 0.1172
149.6000 0.1174
150.0000 0.1175
150.4000 0.1177
150.5000 0.1179
150.6000 0.1181
150.7000 0.1182
151.1000 0.1184
152.2000 0.1186
152.4000 0.1187
152.6000 0.1189
153.0000 0.1191
153.1000 0.1192
154.3000 0.1194
154.9000 0.1196
156.6000 0.1197
157.3000 0.1199
157.6000 0.1201
159.7000 0.1202
160.2000 0.1204
160.7000 0.1206
160.8000 0.1207
161.2000 0.1209
161.7000 0.1211
162.0000 0.1212
162.0000 0.1214
162.6000 0.1216
162.9000 0.1217
163.0000 0.1219
164.1000 0.1221
164.1000 0.1222
164.3000 0.1224
164.4000 0.1226
164.6000 0.1227
164.6000 0.1229
164.8000 0.1231
165.2000 0.1232
165.6000 0.1234
166.1000 0.1236
166.5000 0.1237
166.9000 0.1239
167.1000 0.1241
167.1000 0.1242
168.0000 0.1244
168.3000 0.1246
168.4000 0.1247
168.9000 0.1249
168.9000 0.1251
169.7000 0.1253
170.1000 0.1254
170.6000 0.1256
170.7000 0.1258
170.8000 0.1259
171.3000 0.1261
171.5000 0.1263
172.0000 0.1264
173.1000 0.1266
173.9000 0.1268
174.4000 0.1269
175.1000 0.1271
175.7000 0.1273
176.5000 0.1274
176.7000 0.1276
177.5000 0.1278
177.5000 0.1279
178.1000 0.1281
178.2000 0.1283
178.2000 0.1284
178.3000 0.1286
179.1000 0.1288
179.6000 0.1289
180.3000 0.1291
180.3000 0.1293
181.7000 0.1294
182.2000 0.1296
182.4000 0.1298
183.2000 0.1299
184.4000 0.1301
184.5000 0.1303
184.6000 0.1304
184.7000 0.1306
185.3000 0.1308
185.6000 0.1309
185.8000 0.1311
185.9000 0.1313
186.1000 0.1314
187.7000 0.1316
187.8000 0.1318
188.0000 0.1319
189.1000 0.1321
189.3000 0.1323
191.5000 0.1325
191.8000 0.1326
191.9000 0.1328
192.7000 0.1330
194.6000 0.1331
195.0000 0.1333
195.7000 0.1335
196.2000 0.1336
196.8000 0.1338
196.8000 0.1340
197.3000 0.1341
197.8000 0.1343
197.8000 0.1345
197.9000 0.1346
197.9000 0.1348
198.1000 0.1350
198.1000 0.1351
199.8000 0.1353
200.0000 0.1355
201.1000 0.1356
201.2000 0.1358
201.3000 0.1360
202.0000 0.1361
202.7000 0.1363
202.8000 0.1365
203.3000 0.1366
203.6000 0.1368
204.6000 0.1370
206.0000 0.1371
206.3000 0.1373
206.4000 0.1375
206.6000 0.1376
207.8000 0.1378
208.3000 0.1380
208.7000 0.1381
209.8000 0.1383
210.1000 0.1385
211.1000 0.1386
211.3000 0.1388
212.3000 0.1390
212.9000 0.1391
213.7000 0.1393
214.3000 0.1395
214.6000 0.1397
216.5000 0.1398
216.8000 0.1400
217.8000 0.1402
219.7000 0.1403
222.9000 0.1405
223.3000 0.1407
223.6000 0.1408
223.7000 0.1410
224.1000 0.1412
224.2000 0.1413
225.2000 0.1415
225.9000 0.1417
226.0000 0.1418
226.6000 0.1420
226.6000 0.1422
226.8000 0.1423
227.0000 0.1425
227.3000 0.1427
227.7000 0.1428
228.0000 0.1430
228.5000 0.1432
228.6000 0.1433
229.0000 0.1435
229.3000 0.1437
229.4000 0.1438
230.2000 0.1440
230.6000 0.1442
231.4000 0.1443
231.7000 0.1445
232.2000 0.1447
232.5000 0.1448
233.9000 0.1450
234.1000 0.1452
234.1000 0.1453
235.6000 0.1455
236.0000 0.1457
236.1000 0.1458
237.3000 0.1460
237.4000 0.1462
238.0000 0.1463
238.2000 0.1465
239.1000 0.1467
239.9000 0.1469
242.6000 0.1470
243.3000 0.1472
244.8000 0.1474
244.9000 0.1475
245.0000 0.1477
246.3000 0.1479
246.8000 0.1480
246.9000 0.1482
247.2000 0.1484
247.3000 0.1485
249.1000 0.1487
251.3000 0.1489
253.9000 0.1490
254.2000 0.1492
255.9000 0.1494
255.9000 0.1495
256.8000 0.1497
257.1000 0.1499
257.2000 0.1500
259.1000 0.1502
259.8000 0.1504
260.0000 0.1505
260.8000 0.1507
262.1000 0.1509
264.4000 0.1510
265.2000 0.1512
266.4000 0.1514
268.8000 0.1515
270.6000 0.1517
272.2000 0.1519
274.1000 0.1520
274.9000 0.1522
276.1000 0.1524
276.8000 0.1525
277.9000 0.1527
279.0000 0.1529
279.1000 0.1530
282.5000 0.1532
282.5000 0.1534
283.6000 0.1535
283.7000 0.1537
283.8000 0.1539
284.3000 0.1541
284.3000 0.1542
284.7000 0.1544
286.3000 0.1546
286.4000 0.1547
287.0000 0.1549
290.1000 0.1551
290.2000 0.1552
291.9000 0.1554
291.9000 0.1556
293.1000 0.1557
293.9000 0.1559
294.8000 0.1561
295.5000 0.1562
296.0000 0.1564
297.9000 0.1566
298.3000 0.1567
299.2000 0.1569
299.5000 0.1571
299.7000 0.1572
300.9000 0.1574
301.8000 0.1576
303.0000 0.1577
305.8000 0.1579
305.9000 0.1581
306.3000 0.1582
310.2000 0.1584
310.6000 0.1586
310.6000 0.1587
311.4000 0.1589
312.8000 0.1591
313.0000 0.1592
313.3000 0.1594
313.8000 0.1596
315.1000 0.1597
316.6000 0.1599
317.9000 0.1601
318.2000 0.1602
319.0000 0.1604
319.7000 0.1606
320.3000 0.1608
320.6000 0.1609
321.9000 0.1611
322.0000 0.1613
324.0000 0.1614
324.6000 0.1616
324.8000 0.1618
325.2000 0.1619
325.2000 0.1621
326.0000 0.1623
326.7000 0.1624
327.4000 0.1626
330.3000 0.1628
330.7000 0.1629
331.3000 0.1631
332.6000 0.1633
334.2000 0.1634
336.9000 0.1636
339.3000 0.1638
340.8000 0.1639
340.8000 0.1641
342.3000 0.1643
342.8000 0.1644
343.2000 0.1646
345.9000 0.1648
346.1000 0.1649
347.4000 0.1651
348.8000 0.1653
350.7000 0.1654
350.8000 0.1656
350.9000 0.1658
352.2000 0.1659
354.8000 0.1661
355.8000 0.1663
355.8000 0.1664
357.2000 0.1666
357.3000 0.1668
358.0000 0.1669
359.8000 0.1671
360.3000 0.1673
364.2000 0.1674
365.8000 0.1676
365.9000 0.1678
367.2000 0.1680
367.8000 0.1681
367.9000 0.1683
369.9000 0.1685
370.5000 0.1686
373.5000 0.1688
373.7000 0.1690
373.7000 0.1691
374.6000 0.1693
374.9000 0.1695
377.2000 0.1696
378.5000 0.1698
379.3000 0.1700
379.6000 0.1701
379.6000 0.1703
380.6000 0.1705
380.7000 0.1706
381.7000 0.1708
382.3000 0.1710
383.8000 0.1711
385.1000 0.1713
391.5000 0.1715
393.5000 0.1716
398.8000 0.1718
399.0000 0.1720
400.6000 0.1721
400.8000 0.1723
406.6000 0.1725
407.3000 0.1726
410.9000 0.1728
411.5000 0.1730
411.9000 0.1731
412.2000 0.1733
415.3000 0.1735
415.8000 0.1736
416.6000 0.1738
417.7000 0.1740
417.8000 0.1741
420.1000 0.1743
424.0000 0.1745
425.8000 0.1746
428.5000 0.1748
428.8000 0.1750
430.1000 0.1752
431.1000 0.1753
434.3000 0.1755
434.6000 0.1757
435.9000 0.1758
438.0000 0.1760
440.7000 0.1762
443.2000 0.1763
444.0000 0.1765
445.7000 0.1767
449.9000 0.1768
451.8000 0.1770
452.4000 0.1772
454.2000 0.1773
457.0000 0.1775
458.0000 0.1777
460.4000 0.1778
462.0000 0.1780
463.7000 0.1782
466.1000 0.1783
469.9000 0.1785
470.5000 0.1787
471.5000 0.1788
473.1000 0.1790
482.3000 0.1792
483.0000 0.1793
484.1000 0.1795
484.8000 0.1797
485.9000 0.1798
489.0000 0.1800
491.4000 0.1802
491.6000 0.1803
494.4000 0.1805
494.9000 0.1807
498.7000 0.1808
499.2000 0.1810
511.6000 0.1812
518.0000 0.1813
533.4000 0.1815
534.3000 0.1817
535.8000 0.1818
537.3000 0.1820
539.0000 0.1822
543.2000 0.1824
551.8000 0.1825
557.8000 0.1827
567.6000 0.1829
575.1000 0.1830
584.3000 0.1832
588.6000 0.1834
593.4000 0.1835
599.9000 0.1837
601.0000 0.1839
615.7000 0.1840
617.0000 0.1842
618.2000 0.1844
628.2000 0.1845
637.6000 0.1847
641.2000 0.1849
659.9000 0.1850
663.4000 0.1852
664.4000 0.1854
669.2000 0.1855
670.2000 0.1857
683.2000 0.1859
696.5000 0.1860
716.5000 0.1862
717.0000 0.1864
718.6000 0.1865
728.4000 0.1867
748.0000 0.1869
750.7000 0.1870
759.0000 0.1872
795.7000 0.1874
819.3000 0.1875
853.2000 0.1877
866.1000 0.1879
893.2000 0.1880
895.0000 0.1882
895.6000 0.1884
901.1000 0.1885
905.8000 0.1887
906.4000 0.1889
908.8000 0.1890
914.0000 0.1892
973.1000 0.1894
997.7000 0.1896
1004.9000 0.1897
