# messageDelay  cumulativeProbability
0.1000 0.0017
0.1000 0.0034
0.1000 0.0051
0.1000 0.0068
0.1000 0.0084
0.1000 0.0101
0.1000 0.0118
0.1000 0.0135
0.1000 0.0152
0.1000 0.0169
0.1000 0.0186
0.2000 0.0203
0.3000 0.0220
1.1000 0.0236
1.6000 0.0253
3.7000 0.0270
4.3000 0.0287
5.2000 0.0304
5.7000 0.0321
6.7000 0.0338
8.0000 0.0355
16.0000 0.0372
16.9000 0.0389
17.6000 0.0405
18.0000 0.0422
18.4000 0.0439
19.8000 0.0456
21.5000 0.0473
21.6000 0.0490
21.9000 0.0507
22.4000 0.0524
25.9000 0.0541
26.4000 0.0557
30.6000 0.0574
30.7000 0.0591
30.9000 0.0608
31.2000 0.0625
33.9000 0.0642
34.8000 0.0659
35.8000 0.0676
36.6000 0.0693
37.5000 0.0709
37.7000 0.0726
39.6000 0.0743
41.5000 0.0760
43.2000 0.0777
43.3000 0.0794
45.4000 0.0811
45.6000 0.0828
46.6000 0.0845
47.1000 0.0861
48.4000 0.0878
49.1000 0.0895
50.8000 0.0912
51.0000 0.0929
51.9000 0.0946
52.5000 0.0963
59.5000 0.0980
60.5000 0.0997
61.7000 0.1014
67.9000 0.1030
68.0000 0.1047
68.7000 0.1064
69.3000 0.1081
70.9000 0.1098
72.8000 0.1115
76.2000 0.1132
76.7000 0.1149
82.5000 0.1166
82.6000 0.1182
84.1000 0.1199
87.4000 0.1216
88.1000 0.1233
89.1000 0.1250
92.1000 0.1267
92.4000 0.1284
93.0000 0.1301
94.0000 0.1318
94.9000 0.1334
95.6000 0.1351
97.8000 0.1368
99.8000 0.1385
100.3000 0.1402
100.4000 0.1419
100.7000 0.1436
101.7000 0.1453
101.7000 0.1470
102.7000 0.1486
104.6000 0.1503
104.8000 0.1520
106.5000 0.1537
108.2000 0.1554
112.2000 0.1571
113.2000 0.1588
113.5000 0.1605
115.4000 0.1622
115.8000 0.1639
116.7000 0.1655
119.1000 0.1672
120.3000 0.1689
122.5000 0.1706
124.3000 0.1723
125.8000 0.1740
130.3000 0.1757
136.1000 0.1774
137.1000 0.1791
137.9000 0.1807
138.7000 0.1824
139.0000 0.1841
139.5000 0.1858
140.3000 0.1875
142.5000 0.1892
143.2000 0.1909
143.7000 0.1926
144.5000 0.1943
152.3000 0.1959
152.4000 0.1976
153.6000 0.1993
154.7000 0.2010
159.7000 0.2027
160.4000 0.2044
162.5000 0.2061
162.6000 0.2078
166.5000 0.2095
167.5000 0.2111
167.8000 0.2128
171.5000 0.2145
171.8000 0.2162
172.8000 0.2179
174.1000 0.2196
175.1000 0.2213
178.2000 0.2230
178.3000 0.2247
178.4000 0.2264
181.6000 0.2280
183.2000 0.2297
185.4000 0.2314
187.8000 0.2331
189.3000 0.2348
195.5000 0.2365
198.3000 0.2382
201.6000 0.2399
204.6000 0.2416
205.2000 0.2432
208.3000 0.2449
208.4000 0.2466
208.6000 0.2483
210.7000 0.2500
211.3000 0.2517
211.4000 0.2534
212.3000 0.2551
212.9000 0.2568
213.0000 0.2584
213.3000 0.2601
213.9000 0.2618
213.9000 0.2635
215.9000 0.2652
217.3000 0.2669
217.8000 0.2686
217.9000 0.2703
218.1000 0.2720
218.2000 0.2736
218.3000 0.2753
219.7000 0.2770
220.4000 0.2787
223.5000 0.2804
223.8000 0.2821
224.7000 0.2838
227.0000 0.2855
229.7000 0.2872
231.7000 0.2889
235.6000 0.2905
238.7000 0.2922
239.1000 0.2939
243.4000 0.2956
244.2000 0.2973
246.8000 0.2990
252.7000 0.3007
253.9000 0.3024
255.5000 0.3041
255.5000 0.3057
256.0000 0.3074
258.4000 0.3091
260.0000 0.3108
261.8000 0.3125
267.1000 0.3142
267.6000 0.3159
268.5000 0.3176
268.8000 0.3193
270.8000 0.3209
272.6000 0.3226
273.1000 0.3243
274.8000 0.3260
277.9000 0.3277
280.3000 0.3294
282.7000 0.3311
283.3000 0.3328
283.5000 0.3345
284.6000 0.3361
286.5000 0.3378
287.1000 0.3395
287.9000 0.3412
288.0000 0.3429
291.5000 0.3446
292.2000 0.3463
292.3000 0.3480
297.0000 0.3497
299.1000 0.3514
301.1000 0.3530
303.5000 0.3547
306.8000 0.3564
307.7000 0.3581
308.4000 0.3598
309.0000 0.3615
311.4000 0.3632
314.0000 0.3649
316.6000 0.3666
319.2000 0.3682
319.3000 0.3699
321.2000 0.3716
324.0000 0.3733
325.0000 0.3750
326.2000 0.3767
326.8000 0.3784
332.6000 0.3801
333.1000 0.3818
339.1000 0.3834
340.9000 0.3851
343.4000 0.3868
344.2000 0.3885
345.3000 0.3902
346.9000 0.3919
349.8000 0.3936
352.7000 0.3953
353.8000 0.3970
354.5000 0.3986
354.7000 0.4003
355.9000 0.4020
356.1000 0.4037
356.7000 0.4054
360.0000 0.4071
360.7000 0.4088
364.4000 0.4105
365.9000 0.4122
366.2000 0.4139
367.4000 0.4155
369.9000 0.4172
370.7000 0.4189
371.4000 0.4206
373.2000 0.4223
373.5000 0.4240
373.6000 0.4257
377.2000 0.4274
379.2000 0.4291
380.5000 0.4307
380.6000 0.4324
382.8000 0.4341
389.5000 0.4358
390.7000 0.4375
391.1000 0.4392
395.7000 0.4409
396.2000 0.4426
396.3000 0.4443
396.6000 0.4459
396.6000 0.4476
405.4000 0.4493
407.2000 0.4510
407.4000 0.4527
411.9000 0.4544
413.1000 0.4561
414.2000 0.4578
415.0000 0.4595
415.7000 0.4611
415.7000 0.4628
417.6000 0.4645
418.7000 0.4662
423.3000 0.4679
423.7000 0.4696
426.3000 0.4713
429.2000 0.4730
430.2000 0.4747
431.9000 0.4764
434.3000 0.4780
438.2000 0.4797
447.8000 0.4814
451.8000 0.4831
454.2000 0.4848
455.2000 0.4865
457.3000 0.4882
457.8000 0.4899
458.0000 0.4916
462.6000 0.4932
462.9000 0.4949
463.4000 0.4966
464.7000 0.4983
465.1000 0.5000
468.1000 0.5017
469.1000 0.5034
470.8000 0.5051
472.2000 0.5068
472.5000 0.5084
472.6000 0.5101
475.3000 0.5118
476.2000 0.5135
479.1000 0.5152
481.5000 0.5169
483.9000 0.5186
485.4000 0.5203
485.6000 0.5220
492.5000 0.5236
492.6000 0.5253
493.2000 0.5270
495.5000 0.5287
496.9000 0.5304
502.2000 0.5321
502.3000 0.5338
508.5000 0.5355
509.4000 0.5372
510.0000 0.5389
511.4000 0.5405
520.9000 0.5422
528.0000 0.5439
531.0000 0.5456
531.3000 0.5473
542.4000 0.5490
546.2000 0.5507
548.8000 0.5524
552.0000 0.5541
560.4000 0.5557
562.7000 0.5574
563.9000 0.5591
564.8000 0.5608
565.5000 0.5625
567.7000 0.5642
568.1000 0.5659
573.2000 0.5676
576.0000 0.5693
576.6000 0.5709
576.8000 0.5726
581.9000 0.5743
582.6000 0.5760
586.0000 0.5777
593.0000 0.5794
594.6000 0.5811
595.1000 0.5828
595.7000 0.5845
596.5000 0.5861
601.8000 0.5878
603.3000 0.5895
604.3000 0.5912
604.3000 0.5929
607.0000 0.5946
608.9000 0.5963
609.9000 0.5980
614.8000 0.5997
615.7000 0.6014
618.3000 0.6030
619.1000 0.6047
620.4000 0.6064
622.1000 0.6081
624.6000 0.6098
627.6000 0.6115
627.9000 0.6132
634.3000 0.6149
635.8000 0.6166
636.3000 0.6182
645.4000 0.6199
648.4000 0.6216
649.0000 0.6233
651.6000 0.6250
655.9000 0.6267
656.4000 0.6284
657.1000 0.6301
657.4000 0.6318
660.1000 0.6334
662.0000 0.6351
665.2000 0.6368
666.0000 0.6385
667.5000 0.6402
669.0000 0.6419
669.3000 0.6436
670.7000 0.6453
672.3000 0.6470
674.4000 0.6486
677.6000 0.6503
684.3000 0.6520
692.5000 0.6537
695.6000 0.6554
705.3000 0.6571
707.6000 0.6588
708.7000 0.6605
710.2000 0.6622
710.4000 0.6639
716.4000 0.6655
716.7000 0.6672
736.3000 0.6689
737.5000 0.6706
738.3000 0.6723
750.0000 0.6740
758.1000 0.6757
758.1000 0.6774
758.6000 0.6791
763.7000 0.6807
766.8000 0.6824
769.6000 0.6841
776.3000 0.6858
785.2000 0.6875
787.3000 0.6892
787.6000 0.6909
788.4000 0.6926
792.6000 0.6943
793.3000 0.6959
793.4000 0.6976
796.9000 0.6993
805.3000 0.7010
805.4000 0.7027
809.1000 0.7044
812.7000 0.7061
821.0000 0.7078
826.9000 0.7095
836.0000 0.7111
840.0000 0.7128
843.0000 0.7145
843.1000 0.7162
844.3000 0.7179
848.3000 0.7196
851.6000 0.7213
867.8000 0.7230
869.5000 0.7247
870.0000 0.7264
872.3000 0.7280
873.0000 0.7297
878.9000 0.7314
881.4000 0.7331
889.3000 0.7348
894.5000 0.7365
897.0000 0.7382
901.5000 0.7399
911.1000 0.7416
911.4000 0.7432
914.4000 0.7449
944.4000 0.7466
944.6000 0.7483
946.0000 0.7500
946.1000 0.7517
951.6000 0.7534
965.2000 0.7551
972.3000 0.7568
975.0000 0.7584
975.2000 0.7601
976.5000 0.7618
976.7000 0.7635
987.5000 0.7652
992.2000 0.7669
1003.4000 0.7686
1005.0000 0.7703
1010.0000 0.7720
1012.8000 0.7736
1022.1000 0.7753
1025.8000 0.7770
1026.1000 0.7787
1026.2000 0.7804
1040.2000 0.7821
1047.4000 0.7838
1049.1000 0.7855
1056.7000 0.7872
1082.6000 0.7889
1092.1000 0.7905
1108.9000 0.7922
1117.0000 0.7939
1133.8000 0.7956
1192.2000 0.7973
1206.3000 0.7990
1235.5000 0.8007
1265.7000 0.8024
1279.4000 0.8041
1281.3000 0.8057
1293.6000 0.8074
1340.2000 0.8091
1348.4000 0.8108
1355.8000 0.8125
1365.0000 0.8142
1399.2000 0.8159
1430.8000 0.8176
1431.6000 0.8193
1447.5000 0.8209
1476.3000 0.8226
1489.6000 0.8243
1586.9000 0.8260
1587.5000 0.8277
1599.0000 0.8294
1623.4000 0.8311
1699.8000 0.8328
1714.2000 0.8345
1786.4000 0.8361
1802.9000 0.8378
1926.0000 0.8395
2006.9000 0.8412
2036.1000 0.8429
2056.1000 0.8446
2116.6000 0.8463
2245.2000 0.8480
2291.8000 0.8497
2359.1000 0.8514
2465.5000 0.8530
2580.8000 0.8547
2620.3000 0.8564
3106.0000 0.8581
3224.4000 0.8598
3657.9000 0.8615
3719.9000 0.8632
4939.8000 0.8649
4954.7000 0.8666
4985.1000 0.8682
5261.8000 0.8699
0.0928
65.0000 0.0929
65.1000 0.0931
65.2000 0.0933
65.4000 0.0934
65.6000 0.0936
65.6000 0.0938
65.8000 0.0939
65.9000 0.0941
65.9000 0.0943
66.0000 0.0944
66.1000 0.0946
66.1000 0.0948
66.2000 0.0949
66.4000 0.0951
66.5000 0.0953
66.5000 0.0954
66.6000 0.0956
66.8000 0.0958
66.8000 0.0959
66.9000 0.0961
66.9000 0.0963
66.9000 0.0965
67.0000 0.0966
67.3000 0.0968
67.5000 0.0970
67.5000 0.0971
67.9000 0.0973
67.9000 0.0975
67.9000 0.0976
68.0000 0.0978
68.7000 0.0980
68.7000 0.0981
68.7000 0.0983
68.9000 0.0985
68.9000 0.0986
69.1000 0.0988
69.1000 0.0990
69.2000 0.0991
69.3000 0.0993
69.4000 0.0995
69.7000 0.0996
69.9000 0.0998
70.0000 0.1000
70.1000 0.1001
70.2000 0.1003
70.2000 0.1005
70.6000 0.1006
70.7000 0.1008
70.9000 0.1010
70.9000 0.1011
70.9000 0.1013
71.0000 0.1015
71.2000 0.1016
71.3000 0.1018
71.7000 0.1020
71.8000 0.1021
71.9000 0.1023
72.0000 0.1025
72.1000 0.1026
72.3000 0.1028
72.5000 0.1030
72.5000 0.1031
72.5000 0.1033
72.5000 0.1035
72.6000 0.1037
72.7000 0.1038
72.7000 0.1040
72.7000 0.1042
72.8000 0.1043
72.9000 0.1045
72.9000 0.1047
72.9000 0.1048
72.9000 0.1050
73.0000 0.1052
73.1000 0.1053
73.1000 0.1055
73.3000 0.1057
73.5000 0.1058
73.6000 0.1060
73.8000 0.1062
73.8000 0.1063
73.9000 0.1065
74.1000 0.1067
74.1000 0.1068
74.1000 0.1070
74.3000 0.1072
74.5000 0.1073
74.5000 0.1075
74.6000 0.1077
74.7000 0.1078
75.2000 0.1080
75.3000 0.1082
75.3000 0.1083
75.4000 0.1085
75.5000 0.1087
75.6000 0.1088
75.8000 0.1090
75.9000 0.1092
75.9000 0.1093
76.0000 0.1095
76.0000 0.1097
76.2000 0.1098
76.2000 0.1100
76.3000 0.1102
76.3000 0.1103
76.4000 0.1105
76.5000 0.1107
76.5000 0.1109
76.6000 0.1110
76.7000 0.1112
76.7000 0.1114
76.7000 0.1115
76.8000 0.1117
76.9000 0.1119
77.0000 0.1120
77.2000 0.1122
77.3000 0.1124
77.4000 0.1125
77.5000 0.1127
77.6000 0.1129
77.6000 0.1130
77.7000 0.1132
78.1000 0.1134
78.1000 0.1135
78.4000 0.1137
78.6000 0.1139
78.7000 0.1140
79.1000 0.1142
79.3000 0.1144
79.7000 0.1145
80.1000 0.1147
80.4000 0.1149
80.5000 0.1150
80.6000 0.1152
80.6000 0.1154
80.9000 0.1155
81.1000 0.1157
81.1000 0.1159
81.1000 0.1160
81.1000 0.1162
81.4000 0.1164
81.8000 0.1165
82.0000 0.1167
82.1000 0.1169
82.2000 0.1170
82.2000 0.1172
82.3000 0.1174
82.3000 0.1175
82.5000 0.1177
82.5000 0.1179
82.6000 0.1181
82.7000 0.1182
83.0000 0.1184
83.6000 0.1186
83.9000 0.1187
84.1000 0.1189
84.1000 0.1191
84.1000 0.1192
84.3000 0.1194
84.4000 0.1196
84.4000 0.1197
84.5000 0.1199
84.6000 0.1201
84.9000 0.1202
84.9000 0.1204
85.2000 0.1206
85.2000 0.1207
85.2000 0.1209
85.3000 0.1211
85.5000 0.1212
85.6000 0.1214
85.7000 0.1216
86.0000 0.1217
86.0000 0.1219
86.1000 0.1221
86.2000 0.1222
86.3000 0.1224
86.3000 0.1226
86.3000 0.1227
86.4000 0.1229
86.4000 0.1231
86.5000 0.1232
86.7000 0.1234
87.0000 0.1236
87.0000 0.1237
87.0000 0.1239
87.1000 0.1241
87.2000 0.1242
87.2000 0.1244
87.4000 0.1246
87.4000 0.1247
87.4000 0.1249
87.4000 0.1251
87.5000 0.1253
87.8000 0.1254
87.8000 0.1256
87.9000 0.1258
87.9000 0.1259
88.0000 0.1261
88.1000 0.1263
88.1000 0.1264
88.2000 0.1266
88.2000 0.1268
88.6000 0.1269
88.9000 0.1271
89.1000 0.1273
89.1000 0.1274
89.1000 0.1276
89.3000 0.1278
89.4000 0.1279
89.5000 0.1281
89.6000 0.1283
89.8000 0.1284
90.0000 0.1286
90.0000 0.1288
90.1000 0.1289
90.3000 0.1291
90.4000 0.1293
90.4000 0.1294
90.9000 0.1296
90.9000 0.1298
90.9000 0.1299
91.0000 0.1301
91.2000 0.1303
91.5000 0.1304
91.6000 0.1306
91.6000 0.1308
91.8000 0.1309
92.1000 0.1311
92.1000 0.1313
92.2000 0.1314
92.4000 0.1316
92.4000 0.1318
92.4000 0.1319
92.6000 0.1321
93.0000 0.1323
93.0000 0.1325
93.2000 0.1326
93.3000 0.1328
93.3000 0.1330
93.3000 0.1331
93.6000 0.1333
93.6000 0.1335
93.6000 0.1336
93.7000 0.1338
94.0000 0.1340
94.0000 0.1341
94.0000 0.1343
94.2000 0.1345
94.3000 0.1346
94.7000 0.1348
94.7000 0.1350
94.9000 0.1351
95.0000 0.1353
95.1000 0.1355
95.1000 0.1356
95.1000 0.1358
95.2000 0.1360
95.4000 0.1361
95.6000 0.1363
95.6000 0.1365
96.0000 0.1366
96.0000 0.1368
96.1000 0.1370
96.2000 0.1371
96.2000 0.1373
96.3000 0.1375
96.4000 0.1376
96.6000 0.1378
96.6000 0.1380
96.7000 0.1381
96.9000 0.1383
97.0000 0.1385
97.2000 0.1386
97.7000 0.1388
97.8000 0.1390
97.8000 0.1391
97.9000 0.1393
98.2000 0.1395
98.3000 0.1397
98.5000 0.1398
98.6000 0.1400
98.7000 0.1402
98.8000 0.1403
98.8000 0.1405
98.9000 0.1407
98.9000 0.1408
99.0000 0.1410
99.1000 0.1412
99.2000 0.1413
99.2000 0.1415
99.4000 0.1417
99.5000 0.1418
99.5000 0.1420
99.7000 0.1422
99.8000 0.1423
99.8000 0.1425
100.0000 0.1427
100.3000 0.1428
100.4000 0.1430
100.5000 0.1432
100.6000 0.1433
100.7000 0.1435
100.8000 0.1437
100.9000 0.1438
100.9000 0.1440
101.2000 0.1442
101.3000 0.1443
101.3000 0.1445
101.3000 0.1447
101.5000 0.1448
101.7000 0.1450
101.7000 0.1452
101.7000 0.1453
102.1000 0.1455
102.4000 0.1457
102.7000 0.1458
102.7000 0.1460
102.7000 0.1462
102.9000 0.1463
103.1000 0.1465
103.3000 0.1467
103.4000 0.1469
103.5000 0.1470
103.5000 0.1472
103.9000 0.1474
103.9000 0.1475
103.9000 0.1477
104.0000 0.1479
104.1000 0.1480
104.3000 0.1482
104.4000 0.1484
104.4000 0.1485
104.4000 0.1487
104.5000 0.1489
104.5000 0.1490
104.6000 0.1492
104.6000 0.1494
104.7000 0.1495
104.7000 0.1497
104.8000 0.1499
104.9000 0.1500
105.1000 0.1502
105.6000 0.1504
105.7000 0.1505
106.4000 0.1507
106.4000 0.1509
106.5000 0.1510
106.9000 0.1512
106.9000 0.1514
106.9000 0.1515
107.4000 0.1517
107.5000 0.1519
107.5000 0.1520
107.7000 0.1522
107.8000 0.1524
107.8000 0.1525
107.8000 0.1527
107.9000 0.1529
108.0000 0.1530
108.1000 0.1532
108.2000 0.1534
108.5000 0.1535
108.7000 0.1537
108.7000 0.1539
108.7000 0.1541
109.3000 0.1542
109.5000 0.1544
109.7000 0.1546
109.9000 0.1547
109.9000 0.1549
110.1000 0.1551
110.4000 0.1552
110.5000 0.1554
110.9000 0.1556
110.9000 0.1557
111.0000 0.1559
111.0000 0.1561
111.1000 0.1562
111.1000 0.1564
111.2000 0.1566
111.2000 0.1567
111.2000 0.1569
111.6000 0.1571
111.6000 0.1572
111.7000 0.1574
111.9000 0.1576
112.2000 0.1577
112.2000 0.1579
112.3000 0.1581
112.4000 0.1582
112.4000 0.1584
112.4000 0.1586
112.4000 0.1587
112.5000 0.1589
112.9000 0.1591
112.9000 0.1592
112.9000 0.1594
112.9000 0.1596
113.0000 0.1597
113.1000 0.1599
113.1000 0.1601
113.2000 0.1602
113.3000 0.1604
113.3000 0.1606
113.4000 0.1608
113.4000 0.1609
113.5000 0.1611
113.5000 0.1613
113.6000 0.1614
113.6000 0.1616
114.0000 0.1618
114.1000 0.1619
115.3000 0.1621
115.4000 0.1623
115.4000 0.1624
115.4000 0.1626
115.8000 0.1628
115.8000 0.1629
115.8000 0.1631
116.3000 0.1633
116.6000 0.1634
116.6000 0.1636
116.7000 0.1638
117.0000 0.1639
117.3000 0.1641
117.3000 0.1643
117.5000 0.1644
117.6000 0.1646
118.1000 0.1648
118.1000 0.1649
118.1000 0.1651
118.2000 0.1653
118.3000 0.1654
118.9000 0.1656
118.9000 0.1658
119.1000 0.1659
119.3000 0.1661
119.3000 0.1663
119.4000 0.1664
119.4000 0.1666
119.5000 0.1668
119.8000 0.1669
119.9000 0.1671
119.9000 0.1673
120.2000 0.1674
120.2000 0.1676
120.3000 0.1678
120.4000 0.1680
120.4000 0.1681
120.5000 0.1683
120.6000 0.1685
120.6000 0.1686
120.7000 0.1688
120.7000 0.1690
120.8000 0.1691
121.1000 0.1693
121.1000 0.1695
121.1000 0.1696
121.2000 0.1698
121.4000 0.1700
121.5000 0.1701
121.5000 0.1703
121.8000 0.1705
122.2000 0.1706
122.2000 0.1708
122.2000 0.1710
122.4000 0.1711
122.5000 0.1713
122.7000 0.1715
122.8000 0.1716
123.0000 0.1718
123.3000 0.1720
123.6000 0.1721
123.6000 0.1723
123.8000 0.1725
123.8000 0.1726
123.9000 0.1728
124.1000 0.1730
124.2000 0.1731
124.3000 0.1733
124.3000 0.1735
124.5000 0.1736
125.1000 0.1738
125.2000 0.1740
125.3000 0.1741
125.4000 0.1743
125.5000 0.1745
125.5000 0.1746
125.8000 0.1748
125.8000 0.1750
126.1000 0.1752
126.1000 0.1753
126.4000 0.1755
126.4000 0.1757
126.6000 0.1758
126.8000 0.1760
126.9000 0.1762
127.0000 0.1763
127.3000 0.1765
127.4000 0.1767
127.5000 0.1768
127.5000 0.1770
127.6000 0.1772
127.8000 0.1773
127.9000 0.1775
127.9000 0.1777
128.0000 0.1778
128.1000 0.1780
128.1000 0.1782
128.8000 0.1783
128.9000 0.1785
128.9000 0.1787
129.0000 0.1788
129.0000 0.1790
129.2000 0.1792
129.6000 0.1793
129.8000 0.1795
129.9000 0.1797
129.9000 0.1798
130.0000 0.1800
130.0000 0.1802
130.2000 0.1803
130.2000 0.1805
130.2000 0.1807
130.3000 0.1808
130.3000 0.1810
130.3000 0.1812
130.3000 0.1813
130.5000 0.1815
130.6000 0.1817
130.7000 0.1818
130.7000 0.1820
130.7000 0.1822
130.8000 0.1824
130.8000 0.1825
131.0000 0.1827
131.2000 0.1829
131.2000 0.1830
131.3000 0.1832
131.3000 0.1834
131.7000 0.1835
131.9000 0.1837
132.2000 0.1839
132.3000 0.1840
132.4000 0.1842
132.5000 0.1844
132.8000 0.1845
132.8000 0.1847
132.9000 0.1849
133.0000 0.1850
133.0000 0.1852
133.2000 0.1854
133.2000 0.1855
133.3000 0.1857
133.8000 0.1859
133.9000 0.1860
134.0000 0.1862
134.1000 0.1864
134.2000 0.1865
134.4000 0.1867
134.5000 0.1869
134.6000 0.1870
134.6000 0.1872
134.7000 0.1874
135.1000 0.1875
135.1000 0.1877
135.1000 0.1879
135.5000 0.1880
135.6000 0.1882
136.1000 0.1884
136.2000 0.1885
136.2000 0.1887
136.7000 0.1889
136.7000 0.1890
136.8000 0.1892
136.9000 0.1894
137.0000 0.1896
137.0000 0.1897
137.1000 0.1899
137.2000 0.1901
137.4000 0.1902
137.4000 0.1904
137.6000 0.1906
137.9000 0.1907
137.9000 0.1909
138.0000 0.1911
138.2000 0.1912
138.3000 0.1914
138.3000 0.1916
138.6000 0.1917
138.7000 0.1919
138.7000 0.1921
138.8000 0.1922
138.9000 0.1924
139.0000 0.1926
139.2000 0.1927
139.3000 0.1929
139.3000 0.1931
139.5000 0.1932
139.9000 0.1934
139.9000 0.1936
140.1000 0.1937
140.2000 0.1939
140.3000 0.1941
140.4000 0.1942
140.6000 0.1944
140.7000 0.1946
140.7000 0.1947
140.9000 0.1949
140.9000 0.1951
141.0000 0.1952
141.0000 0.1954
141.6000 0.1956
141.7000 0.1957
141.9000 0.1959
142.0000 0.1961
142.0000 0.1962
142.5000 0.1964
142.5000 0.1966
142.5000 0.1968
142.5000 0.1969
142.6000 0.1971
143.1000 0.1973
143.2000 0.1974
143.3000 0.1976
143.3000 0.1978
143.3000 0.1979
143.4000 0.1981
143.6000 0.1983
143.7000 0.1984
143.7000 0.1986
143.8000 0.1988
144.1000 0.1989
144.2000 0.1991
144.4000 0.1993
144.5000 0.1994
144.5000 0.1996
144.5000 0.1998
144.6000 0.1999
144.7000 0.2001
144.7000 0.2003
144.8000 0.2004
145.0000 0.2006
145.3000 0.2008
145.4000 0.2009
145.4000 0.2011
145.8000 0.2013
145.8000 0.2014
146.0000 0.2016
146.1000 0.2018
146.1000 0.2019
146.3000 0.2021
146.4000 0.2023
146.5000 0.2024
146.6000 0.2026
146.9000 0.2028
147.2000 0.2029
147.2000 0.2031
147.3000 0.2033
147.6000 0.2034
147.7000 0.2036
147.9000 0.2038
148.2000 0.2040
148.3000 0.2041
148.5000 0.2043
148.5000 0.2045
148.5000 0.2046
148.6000 0.2048
149.3000 0.2050
149.4000 0.2051
149.5000 0.2053
149.5000 0.2055
149.6000 0.2056
149.6000 0.2058
149.9000 0.2060
150.0000 0.2061
150.2000 0.2063
150.3000 0.2065
150.3000 0.2066
150.3000 0.2068
150.3000 0.2070
150.5000 0.2071
150.6000 0.2073
150.7000 0.2075
150.7000 0.2076
150.7000 0.2078
150.8000 0.2080
150.8000 0.2081
150.9000 0.2083
151.0000 0.2085
151.1000 0.2086
151.4000 0.2088
151.6000 0.2090
152.1000 0.2091
152.2000 0.2093
152.3000 0.2095
152.4000 0.2096
152.4000 0.2098
152.4000 0.2100
152.4000 0.2101
152.4000 0.2103
152.5000 0.2105
152.6000 0.2106
152.9000 0.2108
153.0000 0.2110
153.0000 0.2112
153.1000 0.2113
153.6000 0.2115
153.8000 0.2117
154.3000 0.2118
154.4000 0.2120
154.4000 0.2122
154.7000 0.2123
154.8000 0.2125
154.9000 0.2127
154.9000 0.2128
155.2000 0.2130
155.3000 0.2132
155.6000 0.2133
156.1000 0.2135
156.6000 0.2137
156.6000 0.2138
156.7000 0.2140
156.8000 0.2142
156.9000 0.2143
157.2000 0.2145
157.3000 0.2147
157.7000 0.2148
158.4000 0.2150
158.6000 0.2152
158.6000 0.2153
158.6000 0.2155
158.7000 0.2157
158.7000 0.2158
158.8000 0.2160
158.8000 0.2162
158.9000 0.2163
158.9000 0.2165
159.0000 0.2167
159.2000 0.2168
159.2000 0.2170
159.2000 0.2172
159.3000 0.2173
159.4000 0.2175
159.5000 0.2177
159.6000 0.2178
159.7000 0.2180
159.7000 0.2182
159.7000 0.2184
159.8000 0.2185
160.1000 0.2187
160.2000 0.2189
160.4000 0.2190
160.4000 0.2192
160.4000 0.2194
160.5000 0.2195
160.6000 0.2197
160.7000 0.2199
160.8000 0.2200
160.9000 0.2202
161.2000 0.2204
161.3000 0.2205
161.4000 0.2207
161.5000 0.2209
161.7000 0.2210
161.7000 0.2212
161.8000 0.2214
161.9000 0.2215
162.0000 0.2217
162.0000 0.2219
162.2000 0.2220
162.3000 0.2222
162.3000 0.2224
162.4000 0.2225
162.5000 0.2227
162.6000 0.2229
162.6000 0.2230
162.7000 0.2232
162.9000 0.2234
163.0000 0.2235
163.1000 0.2237
163.3000 0.2239
163.5000 0.2240
163.6000 0.2242
163.8000 0.2244
163.9000 0.2245
164.1000 0.2247
164.1000 0.2249
164.3000 0.2251
164.4000 0.2252
164.5000 0.2254
164.5000 0.2256
164.6000 0.2257
164.6000 0.2259
164.8000 0.2261
164.8000 0.2262
164.9000 0.2264
164.9000 0.2266
164.9000 0.2267
165.2000 0.2269
165.6000 0.2271
165.6000 0.2272
165.6000 0.2274
166.0000 0.2276
166.1000 0.2277
166.1000 0.2279
166.3000 0.2281
166.5000 0.2282
166.5000 0.2284
166.5000 0.2286
166.6000 0.2287
166.8000 0.2289
166.9000 0.2291
167.0000 0.2292
167.1000 0.2294
167.1000 0.2296
167.3000 0.2297
167.3000 0.2299
167.5000 0.2301
167.8000 0.2302
168.0000 0.2304
168.0000 0.2306
168.0000 0.2307
168.1000 0.2309
168.1000 0.2311
168.2000 0.2312
168.3000 0.2314
168.4000 0.2316
168.6000 0.2317
168.8000 0.2319
168.9000 0.2321
169.0000 0.2323
169.2000 0.2324
169.3000 0.2326
169.3000 0.2328
169.6000 0.2329
169.9000 0.2331
169.9000 0.2333
170.0000 0.2334
170.1000 0.2336
170.2000 0.2338
170.2000 0.2339
170.4000 0.2341
170.6000 0.2343
170.7000 0.2344
170.7000 0.2346
170.7000 0.2348
171.3000 0.2349
171.3000 0.2351
171.4000 0.2353
171.5000 0.2354
171.8000 0.2356
171.8000 0.2358
171.8000 0.2359
172.0000 0.2361
172.0000 0.2363
172.3000 0.2364
172.3000 0.2366
172.4000 0.2368
172.5000 0.2369
172.5000 0.2371
172.7000 0.2373
172.7000 0.2374
172.8000 0.2376
172.9000 0.2378
173.0000 0.2379
173.0000 0.2381
173.1000 0.2383
173.9000 0.2384
174.0000 0.2386
174.1000 0.2388
174.2000 0.2389
174.4000 0.2391
174.4000 0.2393
174.9000 0.2395
175.1000 0.2396
175.1000 0.2398
175.4000 0.2400
175.4000 0.2401
175.6000 0.2403
175.7000 0.2405
175.8000 0.2406
175.8000 0.2408
176.1000 0.2410
176.2000 0.2411
176.4000 0.2413
176.5000 0.2415
176.7000 0.2416
177.1000 0.2418
177.2000 0.2420
177.5000 0.2421
177.5000 0.2423
178.0000 0.2425
178.1000 0.2426
178.2000 0.2428
178.2000 0.2430
178.2000 0.2431
178.3000 0.2433
178.3000 0.2435
178.4000 0.2436
178.6000 0.2438
178.7000 0.2440
178.8000 0.2441
178.8000 0.2443
178.9000 0.2445
179.0000 0.2446
179.2000 0.2448
179.6000 0.2450
179.9000 0.2451
180.1000 0.2453
180.4000 0.2455
180.4000 0.2456
180.4000 0.2458
180.9000 0.2460
181.0000 0.2461
181.1000 0.2463
181.3000 0.2465
181.3000 0.2467
181.6000 0.2468
181.7000 0.2470
182.0000 0.2472
182.3000 0.2473
182.4000 0.2475
182.4000 0.2477
182.7000 0.2478
182.8000 0.2480
183.0000 0.2482
183.2000 0.2483
183.2000 0.2485
183.2000 0.2487
183.3000 0.2488
183.4000 0.2490
183.4000 0.2492
183.4000 0.2493
183.7000 0.2495
184.2000 0.2497
184.2000 0.2498
184.3000 0.2500
184.4000 0.2502
184.6000 0.2503
184.6000 0.2505
184.7000 0.2507
184.7000 0.2508
185.0000 0.2510
185.0000 0.2512
185.1000 0.2513
185.3000 0.2515
185.3000 0.2517
185.4000 0.2518
185.6000 0.2520
185.6000 0.2522
185.7000 0.2523
185.7000 0.2525
185.8000 0.2527
185.9000 0.2528
186.1000 0.2530
186.1000 0.2532
186.4000 0.2533
186.9000 0.2535
187.2000 0.2537
187.3000 0.2539
187.4000 0.2540
187.4000 0.2542
187.5000 0.2544
187.7000 0.2545
187.8000 0.2547
187.8000 0.2549
188.1000 0.2550
188.1000 0.2552
188.7000 0.2554
188.9000 0.2555
189.1000 0.2557
189.3000 0.2559
189.4000 0.2560
189.5000 0.2562
189.7000 0.2564
190.0000 0.2565
190.0000 0.2567
190.0000 0.2569
190.1000 0.2570
190.1000 0.2572
190.1000 0.2574
190.3000 0.2575
190.3000 0.2577
190.4000 0.2579
191.0000 0.2580
191.0000 0.2582
191.4000 0.2584
191.4000 0.2585
191.5000 0.2587
191.6000 0.2589
191.8000 0.2590
191.9000 0.2592
191.9000 0.2594
191.9000 0.2595
191.9000 0.2597
192.3000 0.2599
192.5000 0.2600
192.5000 0.2602
193.0000 0.2604
193.2000 0.2605
193.6000 0.2607
194.0000 0.2609
194.5000 0.2611
194.6000 0.2612
194.8000 0.2614
195.0000 0.2616
195.2000 0.2617
195.4000 0.2619
195.5000 0.2621
195.5000 0.2622
195.7000 0.2624
195.8000 0.2626
195.9000 0.2627
196.0000 0.2629
196.1000 0.2631
196.2000 0.2632
196.2000 0.2634
196.2000 0.2636
196.6000 0.2637
196.8000 0.2639
197.0000 0.2641
197.1000 0.2642
197.1000 0.2644
197.2000 0.2646
197.2000 0.2647
197.2000 0.2649
197.2000 0.2651
197.5000 0.2652
197.5000 0.2654
197.6000 0.2656
197.8000 0.2657
197.8000 0.2659
197.9000 0.2661
197.9000 0.2662
198.0000 0.2664
198.0000 0.2666
198.1000 0.2667
198.1000 0.2669
198.3000 0.2671
198.3000 0.2672
198.3000 0.2674
198.4000 0.2676
198.7000 0.2677
198.7000 0.2679
199.3000 0.2681
199.4000 0.2683
199.5000 0.2684
199.6000 0.2686
199.7000 0.2688
199.8000 0.2689
199.9000 0.2691
200.0000 0.2693
200.1000 0.2694
200.2000 0.2696
200.2000 0.2698
200.3000 0.2699
200.3000 0.2701
200.4000 0.2703
200.6000 0.2704
201.0000 0.2706
201.1000 0.2708
201.2000 0.2709
201.2000 0.2711
201.3000 0.2713
201.3000 0.2714
201.4000 0.2716
201.4000 0.2718
201.6000 0.2719
201.6000 0.2721
201.7000 0.2723
201.8000 0.2724
202.0000 0.2726
202.2000 0.2728
202.6000 0.2729
202.8000 0.2731
202.8000 0.2733
203.1000 0.2734
203.3000 0.2736
203.5000 0.2738
203.6000 0.2739
203.6000 0.2741
203.7000 0.2743
203.8000 0.2744
204.2000 0.2746
204.4000 0.2748
204.5000 0.2749
204.5000 0.2751
204.6000 0.2753
204.8000 0.2755
204.8000 0.2756
205.0000 0.2758
205.0000 0.2760
205.2000 0.2761
205.3000 0.2763
205.6000 0.2765
205.7000 0.2766
206.0000 0.2768
206.1000 0.2770
206.1000 0.2771
206.3000 0.2773
206.3000 0.2775
206.3000 0.2776
206.6000 0.2778
206.6000 0.2780
206.7000 0.2781
206.8000 0.2783
206.9000 0.2785
206.9000 0.2786
207.0000 0.2788
207.1000 0.2790
207.6000 0.2791
207.6000 0.2793
207.7000 0.2795
207.7000 0.2796
207.8000 0.2798
207.9000 0.2800
208.3000 0.2801
208.3000 0.2803
208.4000 0.2805
208.4000 0.2806
208.5000 0.2808
208.6000 0.2810
208.6000 0.2811
208.7000 0.2813
208.9000 0.2815
208.9000 0.2816
208.9000 0.2818
209.0000 0.2820
209.0000 0.2822
209.0000 0.2823
209.1000 0.2825
209.2000 0.2827
209.4000 0.2828
209.7000 0.2830
209.8000 0.2832
210.0000 0.2833
210.4000 0.2835
210.4000 0.2837
210.5000 0.2838
210.6000 0.2840
210.7000 0.2842
210.8000 0.2843
211.0000 0.2845
211.0000 0.2847
211.1000 0.2848
211.3000 0.2850
211.3000 0.2852
211.4000 0.2853
211.6000 0.2855
211.9000 0.2857
212.0000 0.2858
212.0000 0.2860
212.0000 0.2862
212.0000 0.2863
212.1000 0.2865
212.3000 0.2867
212.9000 0.2868
212.9000 0.2870
213.0000 0.2872
213.1000 0.2873
213.3000 0.2875
213.3000 0.2877
213.5000 0.2878
213.6000 0.2880
213.7000 0.2882
213.7000 0.2883
213.9000 0.2885
213.9000 0.2887
213.9000 0.2888
213.9000 0.2890
214.1000 0.2892
214.2000 0.2894
214.2000 0.2895
214.3000 0.2897
214.3000 0.2899
214.3000 0.2900
214.6000 0.2902
214.6000 0.2904
215.2000 0.2905
215.3000 0.2907
215.4000 0.2909
215.4000 0.2910
215.6000 0.2912
215.7000 0.2914
215.9000 0.2915
215.9000 0.2917
216.0000 0.2919
216.0000 0.2920
216.7000 0.2922
216.8000 0.2924
217.0000 0.2925
217.3000 0.2927
217.5000 0.2929
217.8000 0.2930
217.8000 0.2932
217.8000 0.2934
217.8000 0.2935
217.9000 0.2937
218.1000 0.2939
218.2000 0.2940
218.2000 0.2942
218.3000 0.2944
218.3000 0.2945
218.7000 0.2947
218.8000 0.2949
218.9000 0.2950
219.3000 0.2952
219.5000 0.2954
219.6000 0.2955
219.7000 0.2957
219.7000 0.2959
219.9000 0.2960
219.9000 0.2962
220.0000 0.2964
220.3000 0.2966
220.4000 0.2967
220.4000 0.2969
220.5000 0.2971
220.7000 0.2972
220.8000 0.2974
220.8000 0.2976
220.9000 0.2977
221.1000 0.2979
221.3000 0.2981
221.8000 0.2982
222.2000 0.2984
222.5000 0.2986
222.8000 0.2987
222.8000 0.2989
222.9000 0.2991
223.1000 0.2992
223.2000 0.2994
223.3000 0.2996
223.3000 0.2997
223.3000 0.2999
223.5000 0.3001
223.5000 0.3002
223.5000 0.3004
223.5000 0.3006
223.6000 0.3007
223.7000 0.3009
223.7000 0.3011
223.8000 0.3012
224.0000 0.3014
224.1000 0.3016
224.1000 0.3017
224.1000 0.3019
224.2000 0.3021
224.4000 0.3022
224.4000 0.3024
224.6000 0.3026
224.6000 0.3027
224.7000 0.3029
224.9000 0.3031
225.2000 0.3032
225.2000 0.3034
225.3000 0.3036
225.3000 0.3038
225.4000 0.3039
225.6000 0.3041
225.6000 0.3043
225.9000 0.3044
225.9000 0.3046
225.9000 0.3048
226.0000 0.3049
226.1000 0.3051
226.3000 0.3053
226.5000 0.3054
226.6000 0.3056
226.7000 0.3058
226.9000 0.3059
226.9000 0.3061
227.0000 0.3063
227.0000 0.3064
227.1000 0.3066
227.1000 0.3068
227.3000 0.3069
227.5000 0.3071
227.5000 0.3073
227.8000 0.3074
227.9000 0.3076
228.0000 0.3078
228.1000 0.3079
228.3000 0.3081
228.3000 0.3083
228.5000 0.3084
228.5000 0.3086
228.6000 0.3088
228.7000 0.3089
229.0000 0.3091
229.1000 0.3093
229.3000 0.3094
229.3000 0.3096
229.4000 0.3098
229.4000 0.3099
229.7000 0.3101
230.2000 0.3103
230.2000 0.3104
230.6000 0.3106
230.7000 0.3108
230.9000 0.3110
230.9000 0.3111
231.1000 0.3113
231.4000 0.3115
231.7000 0.3116
232.1000 0.3118
232.1000 0.3120
232.2000 0.3121
232.2000 0.3123
232.5000 0.3125
232.5000 0.3126
232.6000 0.3128
232.6000 0.3130
232.8000 0.3131
233.0000 0.3133
233.2000 0.3135
233.5000 0.3136
233.6000 0.3138
233.7000 0.3140
233.8000 0.3141
233.9000 0.3143
233.9000 0.3145
234.7000 0.3146
234.7000 0.3148
234.8000 0.3150
234.8000 0.3151
235.1000 0.3153
235.4000 0.3155
235.6000 0.3156
236.0000 0.3158
236.0000 0.3160
236.1000 0.3161
236.2000 0.3163
236.4000 0.3165
236.5000 0.3166
236.7000 0.3168
236.7000 0.3170
236.8000 0.3171
236.8000 0.3173
237.0000 0.3175
237.3000 0.3176
237.3000 0.3178
237.4000 0.3180
237.5000 0.3182
237.7000 0.3183
237.8000 0.3185
238.0000 0.3187
238.0000 0.3188
238.1000 0.3190
238.1000 0.3192
238.2000 0.3193
238.3000 0.3195
238.7000 0.3197
238.8000 0.3198
239.1000 0.3200
239.2000 0.3202
239.2000 0.3203
239.2000 0.3205
239.3000 0.3207
239.7000 0.3208
239.8000 0.3210
240.0000 0.3212
240.2000 0.3213
240.3000 0.3215
240.3000 0.3217
240.5000 0.3218
240.5000 0.3220
240.6000 0.3222
240.6000 0.3223
240.7000 0.3225
240.8000 0.3227
241.0000 0.3228
241.1000 0.3230
241.2000 0.3232
241.2000 0.3233
241.4000 0.3235
241.6000 0.3237
241.6000 0.3238
241.7000 0.3240
241.9000 0.3242
242.6000 0.3243
242.7000 0.3245
242.8000 0.3247
242.8000 0.3248
242.8000 0.3250
243.0000 0.3252
243.3000 0.3254
243.4000 0.3255
243.5000 0.3257
243.5000 0.3259
243.6000 0.3260
243.9000 0.3262
244.0000 0.3264
244.1000 0.3265
244.1000 0.3267
244.1000 0.3269
244.2000 0.3270
244.2000 0.3272
244.6000 0.3274
244.7000 0.3275
244.9000 0.3277
244.9000 0.3279
244.9000 0.3280
245.1000 0.3282
245.1000 0.3284
245.2000 0.3285
245.2000 0.3287
245.5000 0.3289
245.7000 0.3290
245.9000 0.3292
246.0000 0.3294
246.3000 0.3295
246.6000 0.3297
246.8000 0.3299
246.9000 0.3300
247.0000 0.3302
247.4000 0.3304
247.5000 0.3305
247.8000 0.3307
247.9000 0.3309
248.0000 0.3310
248.1000 0.3312
248.1000 0.3314
248.2000 0.3315
248.3000 0.3317
248.4000 0.3319
248.4000 0.3320
248.6000 0.3322
248.7000 0.3324
249.1000 0.3326
249.2000 0.3327
249.3000 0.3329
249.4000 0.3331
249.5000 0.3332
249.7000 0.3334
249.9000 0.3336
250.4000 0.3337
250.5000 0.3339
250.6000 0.3341
250.8000 0.3342
251.2000 0.3344
251.2000 0.3346
251.5000 0.3347
251.8000 0.3349
252.1000 0.3351
252.1000 0.3352
252.3000 0.3354
252.4000 0.3356
252.5000 0.3357
252.7000 0.3359
253.5000 0.3361
253.7000 0.3362
253.7000 0.3364
253.8000 0.3366
253.9000 0.3367
253.9000 0.3369
254.0000 0.3371
254.1000 0.3372
254.2000 0.3374
254.6000 0.3376
254.8000 0.3377
255.0000 0.3379
255.0000 0.3381
255.3000 0.3382
255.5000 0.3384
255.5000 0.3386
255.9000 0.3387
255.9000 0.3389
256.0000 0.3391
256.0000 0.3392
256.0000 0.3394
256.1000 0.3396
256.1000 0.3398
256.2000 0.3399
256.3000 0.3401
256.5000 0.3403
256.7000 0.3404
256.8000 0.3406
256.8000 0.3408
257.0000 0.3409
257.1000 0.3411
257.2000 0.3413
257.5000 0.3414
257.7000 0.3416
257.9000 0.3418
258.2000 0.3419
258.4000 0.3421
258.4000 0.3423
258.7000 0.3424
258.8000 0.3426
258.9000 0.3428
259.1000 0.3429
259.1000 0.3431
259.3000 0.3433
259.8000 0.3434
259.8000 0.3436
260.0000 0.3438
260.0000 0.3439
260.1000 0.3441
260.2000 0.3443
260.2000 0.3444
260.4000 0.3446
260.6000 0.3448
260.6000 0.3449
260.8000 0.3451
260.8000 0.3453
260.9000 0.3454
260.9000 0.3456
261.1000 0.3458
261.2000 0.3459
261.2000 0.3461
261.4000 0.3463
261.4000 0.3465
261.4000 0.3466
261.5000 0.3468
261.5000 0.3470
261.6000 0.3471
261.8000 0.3473
261.9000 0.3475
261.9000 0.3476
262.1000 0.3478
262.5000 0.3480
262.9000 0.3481
262.9000 0.3483
262.9000 0.3485
262.9000 0.3486
263.0000 0.3488
263.7000 0.3490
264.5000 0.3491
264.7000 0.3493
264.7000 0.3495
265.1000 0.3496
265.3000 0.3498
265.3000 0.3500
265.5000 0.3501
265.5000 0.3503
266.2000 0.3505
266.4000 0.3506
266.6000 0.3508
266.6000 0.3510
267.1000 0.3511
267.1000 0.3513
267.3000 0.3515
267.3000 0.3516
267.6000 0.3518
268.0000 0.3520
268.2000 0.3521
268.4000 0.3523
268.5000 0.3525
268.7000 0.3526
268.8000 0.3528
268.8000 0.3530
268.8000 0.3531
269.1000 0.3533
269.3000 0.3535
269.6000 0.3537
269.7000 0.3538
269.9000 0.3540
269.9000 0.3542
270.1000 0.3543
270.5000 0.3545
270.6000 0.3547
270.6000 0.3548
270.8000 0.3550
270.8000 0.3552
270.8000 0.3553
271.2000 0.3555
271.2000 0.3557
271.4000 0.3558
271.4000 0.3560
271.8000 0.3562
272.2000 0.3563
272.4000 0.3565
272.5000 0.3567
272.6000 0.3568
272.8000 0.3570
272.9000 0.3572
272.9000 0.3573
273.1000 0.3575
273.1000 0.3577
273.2000 0.3578
273.3000 0.3580
273.4000 0.3582
273.5000 0.3583
273.6000 0.3585
273.7000 0.3587
273.7000 0.3588
274.1000 0.3590
274.7000 0.3592
274.7000 0.3593
274.8000 0.3595
274.8000 0.3597
274.8000 0.3598
274.9000 0.3600
275.0000 0.3602
275.0000 0.3603
275.1000 0.3605
275.2000 0.3607
275.2000 0.3609
275.3000 0.3610
275.3000 0.3612
275.4000 0.3614
275.7000 0.3615
275.8000 0.3617
275.8000 0.3619
275.8000 0.3620
275.9000 0.3622
276.1000 0.3624
276.1000 0.3625
276.2000 0.3627
276.4000 0.3629
276.5000 0.3630
276.8000 0.3632
276.8000 0.3634
276.8000 0.3635
277.0000 0.3637
277.1000 0.3639
277.3000 0.3640
277.3000 0.3642
277.8000 0.3644
277.9000 0.3645
277.9000 0.3647
278.0000 0.3649
278.0000 0.3650
278.0000 0.3652
278.0000 0.3654
278.2000 0.3655
278.5000 0.3657
278.7000 0.3659
278.8000 0.3660
279.1000 0.3662
279.2000 0.3664
279.5000 0.3665
279.6000 0.3667
279.8000 0.3669
279.8000 0.3670
280.0000 0.3672
280.0000 0.3674
280.2000 0.3675
280.3000 0.3677
280.3000 0.3679
280.4000 0.3681
280.5000 0.3682
280.5000 0.3684
280.7000 0.3686
280.8000 0.3687
281.0000 0.3689
281.4000 0.3691
281.5000 0.3692
281.7000 0.3694
281.8000 0.3696
282.4000 0.3697
282.4000 0.3699
282.5000 0.3701
282.7000 0.3702
282.8000 0.3704
282.9000 0.3706
282.9000 0.3707
283.3000 0.3709
283.3000 0.3711
283.4000 0.3712
283.5000 0.3714
283.5000 0.3716
283.6000 0.3717
283.6000 0.3719
283.7000 0.3721
283.8000 0.3722
283.8000 0.3724
283.8000 0.3726
284.0000 0.3727
284.1000 0.3729
284.2000 0.3731
284.3000 0.3732
284.6000 0.3734
284.6000 0.3736
284.7000 0.3737
284.7000 0.3739
284.8000 0.3741
285.3000 0.3742
285.4000 0.3744
285.5000 0.3746
285.6000 0.3747
285.9000 0.3749
286.0000 0.3751
286.2000 0.3753
286.3000 0.3754
286.4000 0.3756
286.4000 0.3758
286.5000 0.3759
287.1000 0.3761
287.2000 0.3763
287.2000 0.3764
287.3000 0.3766
287.4000 0.3768
287.5000 0.3769
287.6000 0.3771
287.7000 0.3773
287.8000 0.3774
287.9000 0.3776
288.0000 0.3778
288.3000 0.3779
288.4000 0.3781
288.9000 0.3783
289.1000 0.3784
289.3000 0.3786
289.3000 0.3788
289.7000 0.3789
289.7000 0.3791
289.9000 0.3793
290.0000 0.3794
290.1000 0.3796
290.1000 0.3798
290.1000 0.3799
290.3000 0.3801
290.6000 0.3803
290.8000 0.3804
291.1000 0.3806
291.2000 0.3808
291.5000 0.3809
291.8000 0.3811
291.9000 0.3813
292.2000 0.3814
292.2000 0.3816
292.3000 0.3818
292.3000 0.3819
292.4000 0.3821
292.7000 0.3823
292.7000 0.3825
292.8000 0.3826
292.9000 0.3828
292.9000 0.3830
293.0000 0.3831
293.0000 0.3833
293.1000 0.3835
293.5000 0.3836
293.7000 0.3838
293.9000 0.3840
293.9000 0.3841
293.9000 0.3843
293.9000 0.3845
293.9000 0.3846
294.0000 0.3848
294.5000 0.3850
294.8000 0.3851
295.0000 0.3853
295.0000 0.3855
295.1000 0.3856
295.1000 0.3858
295.1000 0.3860
295.3000 0.3861
295.3000 0.3863
295.5000 0.3865
295.6000 0.3866
295.6000 0.3868
295.6000 0.3870
296.3000 0.3871
296.3000 0.3873
296.5000 0.3875
296.5000 0.3876
297.0000 0.3878
297.4000 0.3880
297.5000 0.3881
297.5000 0.3883
297.5000 0.3885
297.8000 0.3886
298.1000 0.3888
298.3000 0.3890
298.3000 0.3891
298.9000 0.3893
299.0000 0.3895
299.1000 0.3897
299.4000 0.3898
299.4000 0.3900
299.5000 0.3902
299.5000 0.3903
299.6000 0.3905
299.6000 0.3907
299.6000 0.3908
299.7000 0.3910
300.0000 0.3912
300.2000 0.3913
300.8000 0.3915
300.9000 0.3917
300.9000 0.3918
301.0000 0.3920
301.1000 0.3922
301.3000 0.3923
301.5000 0.3925
301.8000 0.3927
301.8000 0.3928
301.9000 0.3930
302.2000 0.3932
302.6000 0.3933
303.0000 0.3935
303.0000 0.3937
303.2000 0.3938
303.5000 0.3940
303.8000 0.3942
303.8000 0.3943
303.8000 0.3945
303.9000 0.3947
303.9000 0.3948
304.0000 0.3950
304.3000 0.3952
304.3000 0.3953
304.4000 0.3955
304.4000 0.3957
304.5000 0.3958
304.6000 0.3960
304.7000 0.3962
304.8000 0.3963
305.0000 0.3965
305.1000 0.3967
305.1000 0.3969
305.3000 0.3970
305.4000 0.3972
305.9000 0.3974
305.9000 0.3975
306.3000 0.3977
306.4000 0.3979
306.5000 0.3980
306.8000 0.3982
307.0000 0.3984
307.1000 0.3985
307.5000 0.3987
307.7000 0.3989
307.9000 0.3990
308.4000 0.3992
308.5000 0.3994
308.5000 0.3995
308.7000 0.3997
308.8000 0.3999
308.8000 0.4000
308.8000 0.4002
309.0000 0.4004
309.0000 0.4005
309.1000 0.4007
309.6000 0.4009
309.8000 0.4010
309.9000 0.4012
310.0000 0.4014
310.3000 0.4015
310.6000 0.4017
310.8000 0.4019
311.1000 0.4020
311.4000 0.4022
311.4000 0.4024
311.5000 0.4025
311.5000 0.4027
311.6000 0.4029
311.6000 0.4030
311.8000 0.4032
311.8000 0.4034
312.4000 0.4035
312.6000 0.4037
312.7000 0.4039
312.9000 0.4041
313.0000 0.4042
313.0000 0.4044
313.2000 0.4046
313.7000 0.4047
313.7000 0.4049
313.8000 0.4051
313.8000 0.4052
313.9000 0.4054
314.0000 0.4056
314.1000 0.4057
314.3000 0.4059
314.8000 0.4061
314.8000 0.4062
315.1000 0.4064
315.4000 0.4066
315.4000 0.4067
315.5000 0.4069
315.5000 0.4071
315.9000 0.4072
315.9000 0.4074
316.2000 0.4076
316.4000 0.4077
316.5000 0.4079
316.5000 0.4081
316.6000 0.4082
316.8000 0.4084
317.0000 0.4086
317.2000 0.4087
317.4000 0.4089
317.5000 0.4091
317.8000 0.4092
318.0000 0.4094
318.2000 0.4096
318.5000 0.4097
318.6000 0.4099
318.9000 0.4101
318.9000 0.4102
319.0000 0.4104
319.1000 0.4106
319.1000 0.4108
319.2000 0.4109
319.2000 0.4111
319.3000 0.4113
319.5000 0.4114
319.7000 0.4116
319.9000 0.4118
320.4000 0.4119
320.4000 0.4121
320.6000 0.4123
320.8000 0.4124
320.9000 0.4126
321.1000 0.4128
321.1000 0.4129
321.2000 0.4131
321.9000 0.4133
322.0000 0.4134
322.1000 0.4136
322.1000 0.4138
322.2000 0.4139
322.5000 0.4141
322.9000 0.4143
322.9000 0.4144
323.0000 0.4146
323.1000 0.4148
323.2000 0.4149
323.2000 0.4151
323.7000 0.4153
323.9000 0.4154
324.0000 0.4156
324.2000 0.4158
324.4000 0.4159
324.5000 0.4161
324.6000 0.4163
324.6000 0.4164
325.0000 0.4166
325.0000 0.4168
325.1000 0.4169
325.2000 0.4171
325.2000 0.4173
325.3000 0.4174
325.4000 0.4176
325.5000 0.4178
325.8000 0.4180
325.8000 0.4181
325.8000 0.4183
326.1000 0.4185
326.1000 0.4186
326.2000 0.4188
326.8000 0.4190
326.8000 0.4191
326.8000 0.4193
327.0000 0.4195
327.4000 0.4196
327.4000 0.4198
327.5000 0.4200
327.6000 0.4201
327.8000 0.4203
328.0000 0.4205
328.0000 0.4206
328.0000 0.4208
328.3000 0.4210
328.3000 0.4211
328.4000 0.4213
328.6000 0.4215
328.6000 0.4216
328.7000 0.4218
328.8000 0.4220
328.9000 0.4221
329.1000 0.4223
329.1000 0.4225
329.3000 0.4226
329.6000 0.4228
329.8000 0.4230
330.0000 0.4231
330.0000 0.4233
330.1000 0.4235
330.2000 0.4236
330.5000 0.4238
330.7000 0.4240
330.8000 0.4241
331.0000 0.4243
331.2000 0.4245
331.4000 0.4246
331.6000 0.4248
332.6000 0.4250
332.6000 0.4252
333.0000 0.4253
333.1000 0.4255
333.5000 0.4257
333.8000 0.4258
333.9000 0.4260
334.0000 0.4262
334.2000 0.4263
334.6000 0.4265
334.7000 0.4267
334.8000 0.4268
335.4000 0.4270
335.4000 0.4272
335.5000 0.4273
335.8000 0.4275
335.8000 0.4277
336.2000 0.4278
336.3000 0.4280
336.8000 0.4282
337.0000 0.4283
337.0000 0.4285
337.3000 0.4287
337.3000 0.4288
337.5000 0.4290
337.6000 0.4292
337.6000 0.4293
337.6000 0.4295
337.9000 0.4297
337.9000 0.4298
338.1000 0.4300
338.4000 0.4302
338.6000 0.4303
338.8000 0.4305
339.0000 0.4307
339.1000 0.4308
339.4000 0.4310
339.8000 0.4312
339.9000 0.4313
339.9000 0.4315
340.0000 0.4317
340.1000 0.4318
340.2000 0.4320
340.6000 0.4322
340.7000 0.4324
340.9000 0.4325
340.9000 0.4327
341.0000 0.4329
341.0000 0.4330
341.0000 0.4332
341.0000 0.4334
341.2000 0.4335
341.3000 0.4337
342.1000 0.4339
342.3000 0.4340
342.4000 0.4342
342.5000 0.4344
342.7000 0.4345
342.9000 0.4347
343.1000 0.4349
343.1000 0.4350
343.3000 0.4352
343.4000 0.4354
343.4000 0.4355
343.4000 0.4357
344.2000 0.4359
344.2000 0.4360
344.8000 0.4362
345.2000 0.4364
345.3000 0.4365
345.3000 0.4367
345.4000 0.4369
345.9000 0.4370
346.1000 0.4372
346.3000 0.4374
346.7000 0.4375
346.9000 0.4377
347.5000 0.4379
347.6000 0.4380
347.9000 0.4382
348.1000 0.4384
348.1000 0.4385
348.2000 0.4387
348.6000 0.4389
348.7000 0.4390
348.7000 0.4392
348.8000 0.4394
348.8000 0.4396
349.1000 0.4397
349.2000 0.4399
349.5000 0.4401
349.7000 0.4402
349.8000 0.4404
349.8000 0.4406
349.8000 0.4407
349.9000 0.4409
350.0000 0.4411
350.0000 0.4412
350.2000 0.4414
350.7000 0.4416
350.8000 0.4417
351.2000 0.4419
351.3000 0.4421
351.7000 0.4422
351.9000 0.4424
352.0000 0.4426
352.1000 0.4427
352.3000 0.4429
352.4000 0.4431
352.7000 0.4432
353.0000 0.4434
353.2000 0.4436
353.8000 0.4437
353.9000 0.4439
354.2000 0.4441
354.3000 0.4442
354.3000 0.4444
354.5000 0.4446
354.6000 0.4447
354.7000 0.4449
354.7000 0.4451
355.1000 0.4452
355.3000 0.4454
355.4000 0.4456
355.6000 0.4457
355.8000 0.4459
355.9000 0.4461
355.9000 0.4462
355.9000 0.4464
356.1000 0.4466
356.3000 0.4468
356.4000 0.4469
356.5000 0.4471
356.5000 0.4473
356.7000 0.4474
357.2000 0.4476
357.3000 0.4478
358.0000 0.4479
358.0000 0.4481
358.4000 0.4483
358.4000 0.4484
358.8000 0.4486
358.9000 0.4488
359.1000 0.4489
359.7000 0.4491
359.8000 0.4493
359.9000 0.4494
359.9000 0.4496
360.0000 0.4498
360.1000 0.4499
360.2000 0.4501
360.3000 0.4503
360.3000 0.4504
360.7000 0.4506
361.0000 0.4508
361.2000 0.4509
361.5000 0.4511
361.6000 0.4513
361.8000 0.4514
362.6000 0.4516
362.6000 0.4518
362.7000 0.4519
362.8000 0.4521
362.8000 0.4523
362.8000 0.4524
362.9000 0.4526
363.1000 0.4528
363.3000 0.4529
363.9000 0.4531
364.1000 0.4533
364.1000 0.4534
364.2000 0.4536
364.2000 0.4538
364.2000 0.4540
364.2000 0.4541
364.3000 0.4543
364.4000 0.4545
364.7000 0.4546
364.8000 0.4548
365.1000 0.4550
365.5000 0.4551
365.6000 0.4553
365.8000 0.4555
365.9000 0.4556
366.0000 0.4558
366.2000 0.4560
366.3000 0.4561
366.3000 0.4563
366.5000 0.4565
366.8000 0.4566
367.1000 0.4568
367.2000 0.4570
367.2000 0.4571
367.4000 0.4573
367.4000 0.4575
367.8000 0.4576
367.9000 0.4578
368.5000 0.4580
368.6000 0.4581
368.6000 0.4583
368.9000 0.4585
369.6000 0.4586
369.9000 0.4588
369.9000 0.4590
370.0000 0.4591
370.1000 0.4593
370.4000 0.4595
370.5000 0.4596
370.5000 0.4598
370.5000 0.4600
370.7000 0.4601
371.0000 0.4603
371.4000 0.4605
372.0000 0.4606
372.3000 0.4608
373.2000 0.4610
373.5000 0.4612
373.5000 0.4613
373.6000 0.4615
373.6000 0.4617
373.7000 0.4618
373.7000 0.4620
374.1000 0.4622
374.2000 0.4623
374.3000 0.4625
374.5000 0.4627
374.6000 0.4628
374.6000 0.4630
374.7000 0.4632
375.2000 0.4633
375.4000 0.4635
375.5000 0.4637
375.5000 0.4638
375.5000 0.4640
375.5000 0.4642
376.2000 0.4643
376.3000 0.4645
376.3000 0.4647
376.3000 0.4648
376.3000 0.4650
376.5000 0.4652
376.8000 0.4653
376.9000 0.4655
377.0000 0.4657
377.2000 0.4658
377.2000 0.4660
377.3000 0.4662
377.5000 0.4663
377.5000 0.4665
377.7000 0.4667
377.8000 0.4668
378.0000 0.4670
378.0000 0.4672
378.1000 0.4673
378.1000 0.4675
378.1000 0.4677
378.2000 0.4678
378.5000 0.4680
378.7000 0.4682
378.8000 0.4684
378.8000 0.4685
379.2000 0.4687
379.3000 0.4689
379.5000 0.4690
379.8000 0.4692
379.8000 0.4694
380.2000 0.4695
380.2000 0.4697
380.5000 0.4699
380.5000 0.4700
380.6000 0.4702
380.6000 0.4704
380.7000 0.4705
380.9000 0.4707
381.3000 0.4709
381.7000 0.4710
381.7000 0.4712
381.9000 0.4714
381.9000 0.4715
382.0000 0.4717
382.1000 0.4719
382.3000 0.4720
382.4000 0.4722
382.5000 0.4724
382.6000 0.4725
382.8000 0.4727
382.9000 0.4729
383.0000 0.4730
383.2000 0.4732
383.2000 0.4734
383.3000 0.4735
383.4000 0.4737
383.5000 0.4739
383.7000 0.4740
383.7000 0.4742
384.4000 0.4744
384.5000 0.4745
384.8000 0.4747
385.1000 0.4749
385.4000 0.4751
385.5000 0.4752
385.6000 0.4754
385.7000 0.4756
385.9000 0.4757
385.9000 0.4759
386.4000 0.4761
386.6000 0.4762
386.6000 0.4764
386.9000 0.4766
387.8000 0.4767
388.0000 0.4769
388.0000 0.4771
388.0000 0.4772
388.4000 0.4774
388.5000 0.4776
388.7000 0.4777
388.8000 0.4779
389.1000 0.4781
389.4000 0.4782
389.5000 0.4784
389.7000 0.4786
389.8000 0.4787
389.8000 0.4789
389.9000 0.4791
390.0000 0.4792
390.1000 0.4794
390.2000 0.4796
390.3000 0.4797
390.4000 0.4799
390.7000 0.4801
391.1000 0.4802
391.1000 0.4804
391.2000 0.4806
391.3000 0.4807
391.3000 0.4809
391.4000 0.4811
391.5000 0.4812
391.6000 0.4814
391.9000 0.4816
392.2000 0.4817
392.3000 0.4819
392.6000 0.4821
392.6000 0.4823
393.0000 0.4824
393.1000 0.4826
393.3000 0.4828
393.4000 0.4829
393.4000 0.4831
393.5000 0.4833
393.5000 0.4834
393.7000 0.4836
393.9000 0.4838
394.2000 0.4839
394.3000 0.4841
394.6000 0.4843
394.6000 0.4844
394.6000 0.4846
394.9000 0.4848
394.9000 0.4849
395.1000 0.4851
395.4000 0.4853
395.5000 0.4854
395.6000 0.4856
395.7000 0.4858
395.8000 0.4859
396.0000 0.4861
396.1000 0.4863
396.2000 0.4864
396.3000 0.4866
396.4000 0.4868
396.5000 0.4869
396.6000 0.4871
396.6000 0.4873
396.7000 0.4874
396.7000 0.4876
396.9000 0.4878
397.3000 0.4879
397.3000 0.4881
398.0000 0.4883
398.1000 0.4884
398.8000 0.4886
398.8000 0.4888
398.8000 0.4889
399.0000 0.4891
399.1000 0.4893
399.4000 0.4895
399.4000 0.4896
399.7000 0.4898
400.0000 0.4900
400.2000 0.4901
400.6000 0.4903
400.7000 0.4905
400.8000 0.4906
401.2000 0.4908
401.2000 0.4910
401.7000 0.4911
401.9000 0.4913
402.1000 0.4915
402.3000 0.4916
402.4000 0.4918
402.5000 0.4920
402.6000 0.4921
402.9000 0.4923
403.3000 0.4925
403.4000 0.4926
403.5000 0.4928
403.6000 0.4930
404.1000 0.4931
404.2000 0.4933
404.2000 0.4935
404.3000 0.4936
404.6000 0.4938
404.9000 0.4940
404.9000 0.4941
405.4000 0.4943
405.8000 0.4945
406.0000 0.4946
406.1000 0.4948
406.1000 0.4950
406.1000 0.4951
406.2000 0.4953
406.3000 0.4955
406.4000 0.4956
406.7000 0.4958
407.2000 0.4960
407.3000 0.4961
407.4000 0.4963
407.7000 0.4965
408.3000 0.4967
408.3000 0.4968
408.4000 0.4970
408.9000 0.4972
408.9000 0.4973
408.9000 0.4975
409.0000 0.4977
409.1000 0.4978
409.3000 0.4980
409.4000 0.4982
409.6000 0.4983
409.6000 0.4985
410.5000 0.4987
410.8000 0.4988
410.9000 0.4990
411.0000 0.4992
411.1000 0.4993
411.2000 0.4995
411.3000 0.4997
411.4000 0.4998
411.4000 0.5000
411.6000 0.5002
411.7000 0.5003
411.9000 0.5005
411.9000 0.5007
411.9000 0.5008
412.2000 0.5010
412.3000 0.5012
412.7000 0.5013
412.7000 0.5015
412.9000 0.5017
413.1000 0.5018
413.1000 0.5020
413.1000 0.5022
413.3000 0.5023
413.4000 0.5025
413.6000 0.5027
414.2000 0.5028
414.2000 0.5030
415.0000 0.5032
415.2000 0.5033
415.3000 0.5035
415.7000 0.5037
415.7000 0.5039
415.8000 0.5040
416.1000 0.5042
416.2000 0.5044
416.4000 0.5045
416.6000 0.5047
416.6000 0.5049
416.6000 0.5050
416.7000 0.5052
416.7000 0.5054
416.9000 0.5055
417.1000 0.5057
417.5000 0.5059
417.6000 0.5060
417.7000 0.5062
417.7000 0.5064
417.8000 0.5065
417.8000 0.5067
417.9000 0.5069
418.0000 0.5070
418.2000 0.5072
418.2000 0.5074
418.7000 0.5075
418.7000 0.5077
419.0000 0.5079
419.0000 0.5080
419.8000 0.5082
420.5000 0.5084
421.1000 0.5085
421.9000 0.5087
422.0000 0.5089
422.0000 0.5090
422.2000 0.5092
423.0000 0.5094
423.3000 0.5095
423.3000 0.5097
423.3000 0.5099
423.6000 0.5100
423.7000 0.5102
423.8000 0.5104
423.8000 0.5105
423.9000 0.5107
423.9000 0.5109
423.9000 0.5111
423.9000 0.5112
424.0000 0.5114
424.1000 0.5116
424.2000 0.5117
424.4000 0.5119
424.5000 0.5121
424.8000 0.5122
425.0000 0.5124
425.1000 0.5126
425.4000 0.5127
425.8000 0.5129
425.8000 0.5131
425.8000 0.5132
426.1000 0.5134
426.3000 0.5136
426.8000 0.5137
426.8000 0.5139
427.1000 0.5141
427.8000 0.5142
428.1000 0.5144
428.3000 0.5146
428.3000 0.5147
428.6000 0.5149
428.8000 0.5151
428.8000 0.5152
428.8000 0.5154
428.8000 0.5156
429.2000 0.5157
429.2000 0.5159
429.4000 0.5161
429.7000 0.5162
429.8000 0.5164
430.2000 0.5166
430.5000 0.5167
430.6000 0.5169
430.6000 0.5171
430.7000 0.5172
430.8000 0.5174
431.2000 0.5176
431.3000 0.5177
431.9000 0.5179
431.9000 0.5181
432.0000 0.5183
432.4000 0.5184
432.5000 0.5186
432.7000 0.5188
432.8000 0.5189
433.1000 0.5191
433.1000 0.5193
433.3000 0.5194
433.6000 0.5196
433.7000 0.5198
433.9000 0.5199
434.0000 0.5201
434.2000 0.5203
434.2000 0.5204
434.3000 0.5206
434.3000 0.5208
434.3000 0.5209
434.4000 0.5211
434.4000 0.5213
434.6000 0.5214
434.6000 0.5216
435.5000 0.5218
435.7000 0.5219
436.0000 0.5221
436.6000 0.5223
436.9000 0.5224
437.3000 0.5226
438.0000 0.5228
438.2000 0.5229
438.2000 0.5231
438.3000 0.5233
438.5000 0.5234
438.6000 0.5236
438.9000 0.5238
439.3000 0.5239
439.5000 0.5241
439.8000 0.5243
439.8000 0.5244
439.8000 0.5246
439.9000 0.5248
440.3000 0.5249
440.3000 0.5251
440.3000 0.5253
440.4000 0.5255
440.6000 0.5256
440.7000 0.5258
441.1000 0.5260
441.1000 0.5261
441.4000 0.5263
441.4000 0.5265
441.7000 0.5266
441.8000 0.5268
442.3000 0.5270
442.5000 0.5271
442.8000 0.5273
443.0000 0.5275
443.1000 0.5276
443.2000 0.5278
443.3000 0.5280
443.8000 0.5281
444.0000 0.5283
444.3000 0.5285
444.8000 0.5286
444.9000 0.5288
445.1000 0.5290
445.4000 0.5291
445.5000 0.5293
445.7000 0.5295
445.8000 0.5296
446.1000 0.5298
446.1000 0.5300
446.2000 0.5301
446.3000 0.5303
446.3000 0.5305
446.3000 0.5306
446.7000 0.5308
446.9000 0.5310
447.0000 0.5311
447.4000 0.5313
447.6000 0.5315
447.8000 0.5316
447.9000 0.5318
448.0000 0.5320
448.1000 0.5322
448.6000 0.5323
449.0000 0.5325
449.2000 0.5327
449.3000 0.5328
449.9000 0.5330
450.0000 0.5332
450.0000 0.5333
450.3000 0.5335
450.8000 0.5337
451.1000 0.5338
451.3000 0.5340
451.7000 0.5342
451.7000 0.5343
451.8000 0.5345
451.8000 0.5347
451.8000 0.5348
451.9000 0.5350
452.0000 0.5352
452.1000 0.5353
452.5000 0.5355
452.8000 0.5357
452.9000 0.5358
453.0000 0.5360
453.1000 0.5362
453.2000 0.5363
453.3000 0.5365
454.2000 0.5367
454.2000 0.5368
454.3000 0.5370
454.3000 0.5372
454.5000 0.5373
454.9000 0.5375
455.2000 0.5377
455.3000 0.5378
455.9000 0.5380
455.9000 0.5382
456.1000 0.5383
456.3000 0.5385
456.4000 0.5387
456.8000 0.5388
456.8000 0.5390
456.9000 0.5392
457.3000 0.5394
457.6000 0.5395
457.8000 0.5397
457.9000 0.5399
458.0000 0.5400
458.0000 0.5402
458.1000 0.5404
458.1000 0.5405
458.2000 0.5407
458.6000 0.5409
458.8000 0.5410
458.9000 0.5412
459.0000 0.5414
459.2000 0.5415
459.4000 0.5417
459.8000 0.5419
459.8000 0.5420
459.8000 0.5422
460.4000 0.5424
460.5000 0.5425
460.5000 0.5427
460.8000 0.5429
461.1000 0.5430
461.2000 0.5432
461.5000 0.5434
461.5000 0.5435
461.9000 0.5437
461.9000 0.5439
462.4000 0.5440
462.6000 0.5442
462.6000 0.5444
462.8000 0.5445
462.8000 0.5447
462.9000 0.5449
462.9000 0.5450
462.9000 0.5452
463.0000 0.5454
463.0000 0.5455
463.4000 0.5457
463.7000 0.5459
463.7000 0.5460
463.7000 0.5462
463.8000 0.5464
464.3000 0.5466
464.5000 0.5467
464.6000 0.5469
464.7000 0.5471
464.8000 0.5472
464.8000 0.5474
464.8000 0.5476
465.1000 0.5477
465.1000 0.5479
465.2000 0.5481
465.5000 0.5482
465.5000 0.5484
465.7000 0.5486
466.1000 0.5487
466.4000 0.5489
466.6000 0.5491
466.8000 0.5492
466.9000 0.5494
467.1000 0.5496
467.3000 0.5497
467.5000 0.5499
468.1000 0.5501
468.1000 0.5502
468.8000 0.5504
468.8000 0.5506
468.9000 0.5507
469.0000 0.5509
469.1000 0.5511
469.4000 0.5512
469.7000 0.5514
470.0000 0.5516
470.0000 0.5517
470.4000 0.5519
470.5000 0.5521
470.5000 0.5522
470.5000 0.5524
470.6000 0.5526
470.7000 0.5527
470.8000 0.5529
471.0000 0.5531
471.1000 0.5532
471.4000 0.5534
471.5000 0.5536
471.5000 0.5538
471.6000 0.5539
471.6000 0.5541
471.7000 0.5543
472.1000 0.5544
472.2000 0.5546
472.5000 0.5548
472.6000 0.5549
472.8000 0.5551
473.1000 0.5553
473.2000 0.5554
473.6000 0.5556
475.3000 0.5558
475.3000 0.5559
475.4000 0.5561
475.4000 0.5563
475.6000 0.5564
475.6000 0.5566
475.9000 0.5568
476.2000 0.5569
476.2000 0.5571
476.3000 0.5573
476.3000 0.5574
476.3000 0.5576
476.6000 0.5578
476.7000 0.5579
476.7000 0.5581
476.9000 0.5583
477.4000 0.5584
477.7000 0.5586
477.8000 0.5588
478.0000 0.5589
478.6000 0.5591
478.7000 0.5593
478.7000 0.5594
479.1000 0.5596
479.2000 0.5598
479.6000 0.5599
479.8000 0.5601
480.1000 0.5603
480.6000 0.5604
481.0000 0.5606
481.3000 0.5608
481.5000 0.5610
481.7000 0.5611
481.8000 0.5613
481.9000 0.5615
482.6000 0.5616
482.7000 0.5618
483.0000 0.5620
483.0000 0.5621
483.0000 0.5623
483.1000 0.5625
483.2000 0.5626
483.3000 0.5628
483.4000 0.5630
483.7000 0.5631
483.7000 0.5633
483.8000 0.5635
483.9000 0.5636
483.9000 0.5638
484.0000 0.5640
484.1000 0.5641
484.1000 0.5643
484.2000 0.5645
484.3000 0.5646
484.3000 0.5648
484.7000 0.5650
484.8000 0.5651
484.8000 0.5653
485.2000 0.5655
485.4000 0.5656
485.6000 0.5658
485.9000 0.5660
485.9000 0.5661
485.9000 0.5663
486.0000 0.5665
486.0000 0.5666
486.2000 0.5668
486.2000 0.5670
486.2000 0.5671
486.3000 0.5673
486.3000 0.5675
486.4000 0.5676
486.4000 0.5678
486.7000 0.5680
486.7000 0.5682
486.7000 0.5683
487.3000 0.5685
487.8000 0.5687
487.9000 0.5688
488.2000 0.5690
488.3000 0.5692
488.5000 0.5693
488.8000 0.5695
488.9000 0.5697
489.7000 0.5698
489.8000 0.5700
490.2000 0.5702
490.4000 0.5703
490.5000 0.5705
491.4000 0.5707
492.0000 0.5708
492.0000 0.5710
492.5000 0.5712
492.6000 0.5713
492.6000 0.5715
492.9000 0.5717
493.1000 0.5718
493.2000 0.5720
493.3000 0.5722
493.5000 0.5723
493.9000 0.5725
494.1000 0.5727
494.2000 0.5728
494.3000 0.5730
494.3000 0.5732
494.3000 0.5733
494.3000 0.5735
494.5000 0.5737
495.1000 0.5738
495.5000 0.5740
496.3000 0.5742
496.5000 0.5743
496.9000 0.5745
497.1000 0.5747
497.2000 0.5748
497.5000 0.5750
497.8000 0.5752
497.9000 0.5754
498.1000 0.5755
498.4000 0.5757
498.5000 0.5759
498.6000 0.5760
498.7000 0.5762
498.8000 0.5764
498.9000 0.5765
498.9000 0.5767
498.9000 0.5769
499.2000 0.5770
499.3000 0.5772
499.4000 0.5774
499.7000 0.5775
500.5000 0.5777
500.6000 0.5779
500.6000 0.5780
501.2000 0.5782
501.3000 0.5784
502.2000 0.5785
502.3000 0.5787
502.4000 0.5789
502.5000 0.5790
502.6000 0.5792
502.8000 0.5794
503.1000 0.5795
503.1000 0.5797
503.4000 0.5799
503.4000 0.5800
503.5000 0.5802
503.5000 0.5804
503.6000 0.5805
503.6000 0.5807
503.7000 0.5809
503.8000 0.5810
504.5000 0.5812
504.6000 0.5814
504.7000 0.5815
505.4000 0.5817
505.4000 0.5819
505.4000 0.5820
505.5000 0.5822
505.5000 0.5824
506.1000 0.5826
506.2000 0.5827
506.4000 0.5829
506.6000 0.5831
506.7000 0.5832
507.4000 0.5834
508.3000 0.5836
508.4000 0.5837
508.5000 0.5839
508.5000 0.5841
508.6000 0.5842
508.7000 0.5844
509.0000 0.5846
509.1000 0.5847
509.3000 0.5849
509.4000 0.5851
509.6000 0.5852
509.8000 0.5854
509.9000 0.5856
510.0000 0.5857
510.0000 0.5859
510.4000 0.5861
510.6000 0.5862
510.8000 0.5864
511.1000 0.5866
511.4000 0.5867
511.6000 0.5869
511.6000 0.5871
511.8000 0.5872
511.9000 0.5874
512.2000 0.5876
512.3000 0.5877
512.5000 0.5879
513.2000 0.5881
513.3000 0.5882
513.5000 0.5884
514.1000 0.5886
514.5000 0.5887
514.6000 0.5889
514.9000 0.5891
515.0000 0.5892
515.0000 0.5894
515.4000 0.5896
515.6000 0.5898
515.7000 0.5899
516.6000 0.5901
517.0000 0.5903
517.4000 0.5904
518.0000 0.5906
518.1000 0.5908
518.2000 0.5909
519.1000 0.5911
519.1000 0.5913
519.4000 0.5914
519.4000 0.5916
519.7000 0.5918
519.9000 0.5919
520.1000 0.5921
520.5000 0.5923
520.7000 0.5924
520.9000 0.5926
521.3000 0.5928
521.8000 0.5929
522.0000 0.5931
522.2000 0.5933
522.2000 0.5934
523.1000 0.5936
523.3000 0.5938
523.4000 0.5939
523.5000 0.5941
523.7000 0.5943
523.7000 0.5944
523.8000 0.5946
523.9000 0.5948
523.9000 0.5949
525.1000 0.5951
525.1000 0.5953
525.1000 0.5954
525.2000 0.5956
525.3000 0.5958
525.4000 0.5959
525.5000 0.5961
525.5000 0.5963
525.7000 0.5965
525.8000 0.5966
526.2000 0.5968
526.6000 0.5970
526.8000 0.5971
527.1000 0.5973
527.2000 0.5975
527.3000 0.5976
528.0000 0.5978
528.0000 0.5980
528.2000 0.5981
528.6000 0.5983
528.8000 0.5985
529.2000 0.5986
529.4000 0.5988
529.6000 0.5990
529.9000 0.5991
529.9000 0.5993
530.0000 0.5995
530.2000 0.5996
530.7000 0.5998
530.7000 0.6000
531.0000 0.6001
531.1000 0.6003
531.3000 0.6005
531.5000 0.6006
531.7000 0.6008
531.8000 0.6010
533.0000 0.6011
533.1000 0.6013
533.3000 0.6015
533.5000 0.6016
534.1000 0.6018
534.2000 0.6020
534.3000 0.6021
534.8000 0.6023
535.3000 0.6025
535.4000 0.6026
535.7000 0.6028
535.8000 0.6030
536.0000 0.6031
536.2000 0.6033
536.3000 0.6035
536.7000 0.6037
536.8000 0.6038
537.0000 0.6040
537.2000 0.6042
537.3000 0.6043
537.4000 0.6045
537.6000 0.6047
537.7000 0.6048
537.7000 0.6050
537.9000 0.6052
539.2000 0.6053
539.5000 0.6055
539.9000 0.6057
539.9000 0.6058
540.2000 0.6060
540.4000 0.6062
540.6000 0.6063
540.6000 0.6065
540.9000 0.6067
541.1000 0.6068
541.5000 0.6070
542.0000 0.6072
542.0000 0.6073
542.1000 0.6075
542.2000 0.6077
542.2000 0.6078
542.4000 0.6080
542.5000 0.6082
542.7000 0.6083
543.1000 0.6085
543.4000 0.6087
543.5000 0.6088
543.7000 0.6090
543.8000 0.6092
544.0000 0.6093
544.3000 0.6095
544.5000 0.6097
544.9000 0.6098
545.2000 0.6100
545.9000 0.6102
545.9000 0.6103
546.1000 0.6105
546.2000 0.6107
546.2000 0.6109
546.4000 0.6110
546.8000 0.6112
547.1000 0.6114
547.2000 0.6115
547.4000 0.6117
547.4000 0.6119
547.8000 0.6120
547.9000 0.6122
548.0000 0.6124
548.3000 0.6125
548.5000 0.6127
548.8000 0.6129
549.0000 0.6130
549.2000 0.6132
549.3000 0.6134
549.4000 0.6135
549.4000 0.6137
549.4000 0.6139
550.8000 0.6140
550.9000 0.6142
551.2000 0.6144
552.0000 0.6145
552.4000 0.6147
552.6000 0.6149
552.8000 0.6150
553.6000 0.6152
553.9000 0.6154
554.0000 0.6155
554.0000 0.6157
554.3000 0.6159
554.4000 0.6160
554.5000 0.6162
555.7000 0.6164
555.9000 0.6165
556.0000 0.6167
556.4000 0.6169
556.5000 0.6170
557.3000 0.6172
557.5000 0.6174
557.8000 0.6175
557.8000 0.6177
557.9000 0.6179
558.6000 0.6181
558.6000 0.6182
558.8000 0.6184
558.9000 0.6186
559.2000 0.6187
559.2000 0.6189
559.3000 0.6191
560.4000 0.6192
560.4000 0.6194
560.7000 0.6196
561.0000 0.6197
561.5000 0.6199
561.5000 0.6201
561.9000 0.6202
562.3000 0.6204
562.6000 0.6206
562.7000 0.6207
562.7000 0.6209
562.8000 0.6211
563.1000 0.6212
563.1000 0.6214
563.5000 0.6216
563.7000 0.6217
563.8000 0.6219
563.9000 0.6221
564.0000 0.6222
564.7000 0.6224
564.8000 0.6226
565.0000 0.6227
565.5000 0.6229
565.9000 0.6231
566.8000 0.6232
566.9000 0.6234
567.2000 0.6236
567.5000 0.6237
567.5000 0.6239
567.6000 0.6241
567.7000 0.6242
567.8000 0.6244
568.0000 0.6246
568.1000 0.6247
568.3000 0.6249
568.5000 0.6251
568.9000 0.6253
568.9000 0.6254
570.1000 0.6256
570.2000 0.6258
570.3000 0.6259
570.4000 0.6261
570.4000 0.6263
570.7000 0.6264
570.9000 0.6266
571.0000 0.6268
571.0000 0.6269
571.2000 0.6271
571.5000 0.6273
571.9000 0.6274
572.3000 0.6276
572.6000 0.6278
572.8000 0.6279
573.1000 0.6281
573.2000 0.6283
573.6000 0.6284
573.8000 0.6286
574.6000 0.6288
574.6000 0.6289
575.1000 0.6291
575.1000 0.6293
575.2000 0.6294
575.4000 0.6296
576.0000 0.6298
576.1000 0.6299
576.6000 0.6301
576.8000 0.6303
577.0000 0.6304
577.1000 0.6306
577.2000 0.6308
577.5000 0.6309
577.7000 0.6311
577.9000 0.6313
578.1000 0.6314
578.2000 0.6316
579.1000 0.6318
579.8000 0.6319
580.7000 0.6321
580.9000 0.6323
580.9000 0.6325
581.0000 0.6326
581.3000 0.6328
581.5000 0.6330
581.9000 0.6331
582.0000 0.6333
582.2000 0.6335
582.3000 0.6336
582.3000 0.6338
582.4000 0.6340
582.4000 0.6341
582.5000 0.6343
582.6000 0.6345
582.6000 0.6346
582.6000 0.6348
582.6000 0.6350
583.4000 0.6351
583.4000 0.6353
583.7000 0.6355
584.1000 0.6356
584.2000 0.6358
584.3000 0.6360
585.7000 0.6361
585.7000 0.6363
586.0000 0.6365
586.8000 0.6366
587.0000 0.6368
587.1000 0.6370
587.3000 0.6371
587.4000 0.6373
587.6000 0.6375
587.7000 0.6376
588.1000 0.6378
588.2000 0.6380
588.4000 0.6381
589.0000 0.6383
589.4000 0.6385
589.5000 0.6386
590.1000 0.6388
590.3000 0.6390
590.3000 0.6391
590.4000 0.6393
590.5000 0.6395
591.2000 0.6397
591.2000 0.6398
591.2000 0.6400
591.3000 0.6402
591.6000 0.6403
592.1000 0.6405
592.2000 0.6407
592.3000 0.6408
592.7000 0.6410
592.9000 0.6412
593.0000 0.6413
593.4000 0.6415
593.6000 0.6417
593.7000 0.6418
594.1000 0.6420
594.3000 0.6422
594.3000 0.6423
594.4000 0.6425
594.6000 0.6427
594.6000 0.6428
594.7000 0.6430
595.1000 0.6432
595.4000 0.6433
595.4000 0.6435
595.7000 0.6437
595.9000 0.6438
595.9000 0.6440
596.0000 0.6442
596.3000 0.6443
596.5000 0.6445
596.5000 0.6447
597.2000 0.6448
597.4000 0.6450
597.5000 0.6452
597.9000 0.6453
598.4000 0.6455
598.6000 0.6457
598.6000 0.6458
598.9000 0.6460
599.4000 0.6462
599.5000 0.6463
599.7000 0.6465
599.9000 0.6467
599.9000 0.6469
600.4000 0.6470
600.7000 0.6472
601.2000 0.6474
601.3000 0.6475
601.4000 0.6477
601.7000 0.6479
601.8000 0.6480
601.8000 0.6482
602.0000 0.6484
602.3000 0.6485
603.1000 0.6487
603.2000 0.6489
603.3000 0.6490
603.3000 0.6492
603.7000 0.6494
603.7000 0.6495
603.8000 0.6497
604.0000 0.6499
604.0000 0.6500
604.2000 0.6502
604.3000 0.6504
604.3000 0.6505
604.4000 0.6507
604.5000 0.6509
604.9000 0.6510
605.1000 0.6512
605.5000 0.6514
605.6000 0.6515
605.7000 0.6517
606.9000 0.6519
607.0000 0.6520
607.0000 0.6522
607.3000 0.6524
608.2000 0.6525
608.6000 0.6527
608.7000 0.6529
608.9000 0.6530
608.9000 0.6532
608.9000 0.6534
609.4000 0.6535
609.5000 0.6537
609.5000 0.6539
609.7000 0.6541
609.9000 0.6542
610.0000 0.6544
610.2000 0.6546
610.3000 0.6547
610.5000 0.6549
610.7000 0.6551
610.9000 0.6552
611.5000 0.6554
611.8000 0.6556
613.1000 0.6557
613.7000 0.6559
614.5000 0.6561
614.5000 0.6562
614.6000 0.6564
614.7000 0.6566
614.8000 0.6567
614.8000 0.6569
615.5000 0.6571
615.7000 0.6572
615.8000 0.6574
615.8000 0.6576
616.3000 0.6577
616.5000 0.6579
616.6000 0.6581
616.8000 0.6582
616.8000 0.6584
617.7000 0.6586
617.9000 0.6587
618.1000 0.6589
618.2000 0.6591
618.3000 0.6592
618.3000 0.6594
618.6000 0.6596
619.1000 0.6597
619.2000 0.6599
619.3000 0.6601
619.6000 0.6602
619.7000 0.6604
619.7000 0.6606
619.8000 0.6608
619.8000 0.6609
619.9000 0.6611
620.0000 0.6613
620.0000 0.6614
620.2000 0.6616
620.3000 0.6618
620.4000 0.6619
620.4000 0.6621
620.5000 0.6623
622.0000 0.6624
622.1000 0.6626
622.7000 0.6628
622.8000 0.6629
623.0000 0.6631
623.3000 0.6633
623.7000 0.6634
624.2000 0.6636
624.4000 0.6638
624.6000 0.6639
624.6000 0.6641
624.8000 0.6643
625.4000 0.6644
625.5000 0.6646
625.6000 0.6648
626.0000 0.6649
626.2000 0.6651
626.7000 0.6653
626.7000 0.6654
627.3000 0.6656
627.5000 0.6658
627.6000 0.6659
627.8000 0.6661
627.9000 0.6663
628.1000 0.6664
628.2000 0.6666
628.6000 0.6668
629.0000 0.6669
629.3000 0.6671
630.1000 0.6673
631.5000 0.6674
631.9000 0.6676
632.6000 0.6678
633.3000 0.6680
633.5000 0.6681
634.3000 0.6683
634.3000 0.6685
634.4000 0.6686
634.4000 0.6688
634.5000 0.6690
634.6000 0.6691
634.9000 0.6693
635.1000 0.6695
635.8000 0.6696
635.9000 0.6698
636.1000 0.6700
636.3000 0.6701
636.3000 0.6703
636.4000 0.6705
636.7000 0.6706
636.7000 0.6708
637.1000 0.6710
637.5000 0.6711
637.8000 0.6713
637.9000 0.6715
638.3000 0.6716
638.4000 0.6718
638.8000 0.6720
639.2000 0.6721
639.4000 0.6723
639.9000 0.6725
639.9000 0.6726
640.1000 0.6728
640.6000 0.6730
640.7000 0.6731
641.0000 0.6733
641.0000 0.6735
641.1000 0.6736
641.4000 0.6738
642.4000 0.6740
643.1000 0.6741
643.3000 0.6743
643.4000 0.6745
643.4000 0.6746
643.9000 0.6748
643.9000 0.6750
644.1000 0.6752
644.1000 0.6753
644.2000 0.6755
644.4000 0.6757
644.7000 0.6758
645.1000 0.6760
645.4000 0.6762
645.5000 0.6763
645.6000 0.6765
646.0000 0.6767
646.1000 0.6768
646.6000 0.6770
648.0000 0.6772
648.4000 0.6773
648.7000 0.6775
648.7000 0.6777
648.8000 0.6778
649.0000 0.6780
649.1000 0.6782
649.7000 0.6783
649.9000 0.6785
650.7000 0.6787
651.1000 0.6788
651.6000 0.6790
651.6000 0.6792
651.6000 0.6793
653.1000 0.6795
653.4000 0.6797
653.6000 0.6798
653.6000 0.6800
653.6000 0.6802
653.7000 0.6803
654.2000 0.6805
655.7000 0.6807
655.9000 0.6808
656.4000 0.6810
656.7000 0.6812
657.0000 0.6813
657.1000 0.6815
657.1000 0.6817
657.1000 0.6818
657.4000 0.6820
657.5000 0.6822
657.6000 0.6824
657.6000 0.6825
657.9000 0.6827
658.0000 0.6829
658.1000 0.6830
658.2000 0.6832
658.6000 0.6834
658.6000 0.6835
658.7000 0.6837
658.8000 0.6839
659.1000 0.6840
659.4000 0.6842
659.5000 0.6844
659.8000 0.6845
660.0000 0.6847
660.1000 0.6849
660.4000 0.6850
660.8000 0.6852
660.9000 0.6854
660.9000 0.6855
661.2000 0.6857
661.7000 0.6859
661.9000 0.6860
662.0000 0.6862
663.6000 0.6864
664.3000 0.6865
664.3000 0.6867
664.3000 0.6869
664.5000 0.6870
665.2000 0.6872
665.6000 0.6874
665.8000 0.6875
666.0000 0.6877
666.1000 0.6879
666.2000 0.6880
666.3000 0.6882
666.3000 0.6884
666.7000 0.6885
666.9000 0.6887
667.1000 0.6889
667.2000 0.6890
667.3000 0.6892
667.5000 0.6894
668.3000 0.6896
668.6000 0.6897
668.6000 0.6899
668.7000 0.6901
668.8000 0.6902
668.9000 0.6904
669.0000 0.6906
669.3000 0.6907
670.0000 0.6909
670.2000 0.6911
670.2000 0.6912
670.5000 0.6914
670.7000 0.6916
671.0000 0.6917
671.7000 0.6919
671.7000 0.6921
672.0000 0.6922
672.3000 0.6924
672.3000 0.6926
672.7000 0.6927
672.7000 0.6929
673.0000 0.6931
673.3000 0.6932
673.3000 0.6934
673.5000 0.6936
674.0000 0.6937
674.4000 0.6939
674.5000 0.6941
675.2000 0.6942
677.1000 0.6944
677.3000 0.6946
677.6000 0.6947
677.9000 0.6949
679.1000 0.6951
679.3000 0.6952
679.6000 0.6954
680.9000 0.6956
681.1000 0.6957
681.2000 0.6959
681.8000 0.6961
683.0000 0.6962
683.1000 0.6964
684.1000 0.6966
684.3000 0.6968
684.3000 0.6969
684.3000 0.6971
684.4000 0.6973
685.2000 0.6974
685.2000 0.6976
686.1000 0.6978
686.3000 0.6979
686.6000 0.6981
687.0000 0.6983
688.0000 0.6984
688.2000 0.6986
689.2000 0.6988
689.6000 0.6989
689.8000 0.6991
690.1000 0.6993
690.1000 0.6994
690.4000 0.6996
690.4000 0.6998
690.4000 0.6999
691.0000 0.7001
691.5000 0.7003
691.6000 0.7004
692.5000 0.7006
693.0000 0.7008
693.6000 0.7009
693.7000 0.7011
693.8000 0.7013
694.2000 0.7014
694.8000 0.7016
694.8000 0.7018
695.1000 0.7019
695.2000 0.7021
695.6000 0.7023
695.9000 0.7024
696.6000 0.7026
697.0000 0.7028
697.2000 0.7029
697.3000 0.7031
697.8000 0.7033
698.2000 0.7034
698.5000 0.7036
698.7000 0.7038
698.9000 0.7040
698.9000 0.7041
699.5000 0.7043
701.7000 0.7045
701.8000 0.7046
702.1000 0.7048
702.1000 0.7050
702.2000 0.7051
702.3000 0.7053
702.8000 0.7055
702.9000 0.7056
703.2000 0.7058
703.3000 0.7060
703.5000 0.7061
704.1000 0.7063
704.1000 0.7065
704.3000 0.7066
704.4000 0.7068
704.7000 0.7070
705.0000 0.7071
705.1000 0.7073
705.3000 0.7075
705.9000 0.7076
705.9000 0.7078
706.7000 0.7080
706.9000 0.7081
707.1000 0.7083
707.3000 0.7085
707.6000 0.7086
708.5000 0.7088
708.6000 0.7090
708.7000 0.7091
709.1000 0.7093
709.1000 0.7095
709.6000 0.7096
709.7000 0.7098
709.7000 0.7100
710.0000 0.7101
710.0000 0.7103
710.1000 0.7105
710.2000 0.7106
710.2000 0.7108
710.2000 0.7110
710.4000 0.7112
710.4000 0.7113
711.7000 0.7115
711.7000 0.7117
712.2000 0.7118
712.5000 0.7120
713.2000 0.7122
713.3000 0.7123
713.3000 0.7125
713.9000 0.7127
714.2000 0.7128
714.9000 0.7130
715.0000 0.7132
715.9000 0.7133
716.4000 0.7135
716.4000 0.7137
716.7000 0.7138
717.1000 0.7140
717.3000 0.7142
717.5000 0.7143
717.6000 0.7145
719.1000 0.7147
719.8000 0.7148
720.2000 0.7150
720.4000 0.7152
720.5000 0.7153
720.6000 0.7155
721.5000 0.7157
721.5000 0.7158
722.2000 0.7160
722.3000 0.7162
722.6000 0.7163
723.0000 0.7165
723.6000 0.7167
723.7000 0.7168
724.4000 0.7170
724.8000 0.7172
725.0000 0.7173
725.1000 0.7175
725.1000 0.7177
725.1000 0.7178
725.9000 0.7180
726.1000 0.7182
726.5000 0.7184
726.7000 0.7185
727.3000 0.7187
727.5000 0.7189
727.7000 0.7190
727.8000 0.7192
727.9000 0.7194
728.1000 0.7195
728.6000 0.7197
728.7000 0.7199
729.6000 0.7200
731.0000 0.7202
732.6000 0.7204
734.0000 0.7205
734.2000 0.7207
734.7000 0.7209
734.8000 0.7210
735.0000 0.7212
735.2000 0.7214
736.0000 0.7215
736.0000 0.7217
736.1000 0.7219
736.1000 0.7220
736.3000 0.7222
736.7000 0.7224
736.9000 0.7225
736.9000 0.7227
737.3000 0.7229
737.5000 0.7230
738.0000 0.7232
738.3000 0.7234
738.8000 0.7235
738.8000 0.7237
738.9000 0.7239
739.3000 0.7240
739.8000 0.7242
739.8000 0.7244
740.0000 0.7245
740.8000 0.7247
741.1000 0.7249
743.2000 0.7251
743.3000 0.7252
743.4000 0.7254
744.0000 0.7256
744.4000 0.7257
745.2000 0.7259
745.3000 0.7261
745.4000 0.7262
745.7000 0.7264
745.8000 0.7266
746.4000 0.7267
746.6000 0.7269
747.4000 0.7271
747.8000 0.7272
748.0000 0.7274
748.4000 0.7276
748.7000 0.7277
748.8000 0.7279
749.6000 0.7281
749.6000 0.7282
749.6000 0.7284
750.0000 0.7286
750.6000 0.7287
750.7000 0.7289
751.1000 0.7291
751.6000 0.7292
752.4000 0.7294
752.5000 0.7296
752.8000 0.7297
753.1000 0.7299
753.4000 0.7301
753.7000 0.7302
754.1000 0.7304
754.3000 0.7306
754.5000 0.7307
755.8000 0.7309
756.7000 0.7311
757.0000 0.7312
757.0000 0.7314
757.5000 0.7316
757.7000 0.7317
757.8000 0.7319
758.1000 0.7321
758.1000 0.7323
758.6000 0.7324
758.9000 0.7326
760.1000 0.7328
760.7000 0.7329
760.9000 0.7331
761.2000 0.7333
762.5000 0.7334
763.4000 0.7336
763.4000 0.7338
763.4000 0.7339
763.7000 0.7341
763.9000 0.7343
764.0000 0.7344
764.4000 0.7346
765.0000 0.7348
765.1000 0.7349
765.3000 0.7351
765.3000 0.7353
766.4000 0.7354
766.8000 0.7356
768.2000 0.7358
768.4000 0.7359
768.6000 0.7361
769.0000 0.7363
769.3000 0.7364
769.6000 0.7366
769.7000 0.7368
770.1000 0.7369
770.6000 0.7371
770.6000 0.7373
770.7000 0.7374
770.7000 0.7376
771.2000 0.7378
771.2000 0.7379
772.3000 0.7381
774.0000 0.7383
774.0000 0.7384
774.9000 0.7386
775.8000 0.7388
776.2000 0.7389
776.3000 0.7391
776.3000 0.7393
776.4000 0.7395
776.8000 0.7396
777.7000 0.7398
777.8000 0.7400
777.9000 0.7401
777.9000 0.7403
777.9000 0.7405
778.1000 0.7406
778.4000 0.7408
779.2000 0.7410
779.6000 0.7411
779.6000 0.7413
779.9000 0.7415
779.9000 0.7416
780.2000 0.7418
780.8000 0.7420
781.9000 0.7421
782.1000 0.7423
782.2000 0.7425
782.3000 0.7426
782.3000 0.7428
783.7000 0.7430
784.8000 0.7431
785.0000 0.7433
785.2000 0.7435
786.9000 0.7436
787.1000 0.7438
787.1000 0.7440
787.3000 0.7441
787.3000 0.7443
787.6000 0.7445
787.7000 0.7446
787.7000 0.7448
787.8000 0.7450
788.4000 0.7451
788.9000 0.7453
789.0000 0.7455
790.0000 0.7456
790.1000 0.7458
790.2000 0.7460
790.3000 0.7461
790.3000 0.7463
790.9000 0.7465
791.6000 0.7467
791.6000 0.7468
792.1000 0.7470
792.6000 0.7472
793.1000 0.7473
793.3000 0.7475
793.4000 0.7477
793.7000 0.7478
794.1000 0.7480
794.5000 0.7482
794.6000 0.7483
795.5000 0.7485
795.6000 0.7487
796.1000 0.7488
796.9000 0.7490
796.9000 0.7492
797.6000 0.7493
799.2000 0.7495
799.4000 0.7497
799.5000 0.7498
800.7000 0.7500
801.7000 0.7502
802.1000 0.7503
802.7000 0.7505
802.8000 0.7507
802.9000 0.7508
803.1000 0.7510
803.7000 0.7512
803.9000 0.7513
804.0000 0.7515
804.3000 0.7517
805.1000 0.7518
805.3000 0.7520
805.3000 0.7522
805.4000 0.7523
806.8000 0.7525
807.2000 0.7527
807.4000 0.7528
809.1000 0.7530
809.4000 0.7532
809.7000 0.7533
809.8000 0.7535
809.8000 0.7537
811.0000 0.7539
811.1000 0.7540
811.8000 0.7542
811.9000 0.7544
812.3000 0.7545
812.7000 0.7547
812.9000 0.7549
813.4000 0.7550
813.9000 0.7552
814.2000 0.7554
814.3000 0.7555
814.7000 0.7557
814.8000 0.7559
815.9000 0.7560
816.2000 0.7562
816.3000 0.7564
817.0000 0.7565
817.1000 0.7567
817.4000 0.7569
817.6000 0.7570
817.8000 0.7572
817.9000 0.7574
818.3000 0.7575
821.0000 0.7577
821.4000 0.7579
823.1000 0.7580
823.9000 0.7582
823.9000 0.7584
824.0000 0.7585
824.3000 0.7587
824.8000 0.7589
826.2000 0.7590
826.9000 0.7592
827.0000 0.7594
828.1000 0.7595
829.5000 0.7597
829.7000 0.7599
830.1000 0.7600
830.4000 0.7602
831.4000 0.7604
832.3000 0.7605
832.5000 0.7607
832.6000 0.7609
835.0000 0.7611
836.0000 0.7612
836.3000 0.7614
836.5000 0.7616
836.9000 0.7617
836.9000 0.7619
837.2000 0.7621
837.4000 0.7622
837.6000 0.7624
838.1000 0.7626
839.0000 0.7627
839.5000 0.7629
839.6000 0.7631
840.0000 0.7632
840.2000 0.7634
840.3000 0.7636
840.7000 0.7637
841.8000 0.7639
842.2000 0.7641
843.0000 0.7642
843.1000 0.7644
843.2000 0.7646
843.4000 0.7647
843.7000 0.7649
844.2000 0.7651
844.3000 0.7652
844.4000 0.7654
845.0000 0.7656
845.3000 0.7657
845.8000 0.7659
845.8000 0.7661
846.0000 0.7662
846.4000 0.7664
846.8000 0.7666
846.9000 0.7667
847.3000 0.7669
847.5000 0.7671
847.5000 0.7672
848.0000 0.7674
848.3000 0.7676
851.2000 0.7677
851.4000 0.7679
851.6000 0.7681
851.8000 0.7683
851.8000 0.7684
852.0000 0.7686
852.2000 0.7688
852.4000 0.7689
853.1000 0.7691
853.3000 0.7693
853.8000 0.7694
854.0000 0.7696
854.4000 0.7698
854.9000 0.7699
855.2000 0.7701
855.9000 0.7703
858.0000 0.7704
858.0000 0.7706
858.0000 0.7708
858.3000 0.7709
858.8000 0.7711
859.2000 0.7713
859.3000 0.7714
860.0000 0.7716
860.0000 0.7718
860.6000 0.7719
861.2000 0.7721
861.7000 0.7723
862.9000 0.7724
863.0000 0.7726
863.9000 0.7728
863.9000 0.7729
864.4000 0.7731
865.3000 0.7733
865.5000 0.7734
865.8000 0.7736
866.4000 0.7738
866.5000 0.7739
867.2000 0.7741
867.5000 0.7743
867.8000 0.7744
867.8000 0.7746
868.5000 0.7748
869.5000 0.7749
870.0000 0.7751
870.2000 0.7753
870.2000 0.7755
870.3000 0.7756
870.4000 0.7758
870.6000 0.7760
871.1000 0.7761
871.5000 0.7763
871.8000 0.7765
871.8000 0.7766
872.0000 0.7768
872.3000 0.7770
872.8000 0.7771
873.0000 0.7773
873.0000 0.7775
873.2000 0.7776
873.5000 0.7778
873.5000 0.7780
874.2000 0.7781
874.3000 0.7783
875.1000 0.7785
875.4000 0.7786
876.1000 0.7788
876.8000 0.7790
877.0000 0.7791
877.8000 0.7793
878.3000 0.7795
878.5000 0.7796
878.7000 0.7798
878.9000 0.7800
879.5000 0.7801
879.8000 0.7803
880.0000 0.7805
880.2000 0.7806
880.9000 0.7808
881.4000 0.7810
882.0000 0.7811
884.1000 0.7813
884.3000 0.7815
884.4000 0.7816
884.5000 0.7818
885.2000 0.7820
885.6000 0.7822
887.4000 0.7823
887.9000 0.7825
889.2000 0.7827
889.3000 0.7828
889.5000 0.7830
890.6000 0.7832
890.8000 0.7833
891.3000 0.7835
891.3000 0.7837
892.3000 0.7838
892.3000 0.7840
893.2000 0.7842
893.4000 0.7843
894.2000 0.7845
894.5000 0.7847
894.8000 0.7848
895.6000 0.7850
896.3000 0.7852
897.0000 0.7853
897.3000 0.7855
897.4000 0.7857
897.8000 0.7858
899.2000 0.7860
899.8000 0.7862
899.9000 0.7863
901.4000 0.7865
901.4000 0.7867
901.5000 0.7868
902.1000 0.7870
903.1000 0.7872
903.2000 0.7873
904.4000 0.7875
904.5000 0.7877
905.9000 0.7878
906.0000 0.7880
906.5000 0.7882
906.9000 0.7883
907.1000 0.7885
907.6000 0.7887
908.0000 0.7888
908.1000 0.7890
910.0000 0.7892
910.7000 0.7894
911.1000 0.7895
911.4000 0.7897
912.6000 0.7899
913.2000 0.7900
913.4000 0.7902
913.5000 0.7904
913.7000 0.7905
913.8000 0.7907
913.8000 0.7909
913.9000 0.7910
914.0000 0.7912
914.1000 0.7914
914.4000 0.7915
915.6000 0.7917
916.6000 0.7919
917.0000 0.7920
917.4000 0.7922
918.1000 0.7924
918.6000 0.7925
918.9000 0.7927
919.0000 0.7929
919.9000 0.7930
920.9000 0.7932
921.6000 0.7934
923.2000 0.7935
923.4000 0.7937
923.5000 0.7939
923.7000 0.7940
923.9000 0.7942
925.2000 0.7944
927.0000 0.7945
930.4000 0.7947
930.5000 0.7949
930.9000 0.7950
931.2000 0.7952
932.0000 0.7954
932.0000 0.7955
933.1000 0.7957
934.9000 0.7959
936.7000 0.7960
936.8000 0.7962
937.7000 0.7964
938.3000 0.7966
939.6000 0.7967
941.2000 0.7969
941.3000 0.7971
942.4000 0.7972
943.6000 0.7974
944.4000 0.7976
944.6000 0.7977
945.0000 0.7979
945.1000 0.7981
945.7000 0.7982
945.8000 0.7984
946.0000 0.7986
946.0000 0.7987
946.1000 0.7989
946.7000 0.7991
946.7000 0.7992
946.9000 0.7994
948.7000 0.7996
949.8000 0.7997
950.0000 0.7999
950.4000 0.8001
951.3000 0.8002
951.6000 0.8004
951.7000 0.8006
952.9000 0.8007
954.0000 0.8009
954.4000 0.8011
954.6000 0.8012
954.9000 0.8014
955.5000 0.8016
956.4000 0.8017
956.8000 0.8019
957.5000 0.8021
957.9000 0.8022
958.1000 0.8024
958.4000 0.8026
960.2000 0.8027
961.0000 0.8029
962.1000 0.8031
962.4000 0.8032
962.5000 0.8034
963.6000 0.8036
963.7000 0.8038
964.0000 0.8039
964.6000 0.8041
965.2000 0.8043
965.3000 0.8044
967.3000 0.8046
968.0000 0.8048
969.4000 0.8049
970.2000 0.8051
970.6000 0.8053
971.6000 0.8054
971.6000 0.8056
971.9000 0.8058
972.0000 0.8059
972.3000 0.8061
973.5000 0.8063
973.7000 0.8064
973.8000 0.8066
974.8000 0.8068
975.0000 0.8069
975.0000 0.8071
975.1000 0.8073
975.2000 0.8074
975.9000 0.8076
976.5000 0.8078
976.7000 0.8079
976.7000 0.8081
978.0000 0.8083
980.2000 0.8084
980.3000 0.8086
980.3000 0.8088
980.4000 0.8089
981.7000 0.8091
982.1000 0.8093
982.5000 0.8094
983.4000 0.8096
984.1000 0.8098
984.3000 0.8099
984.6000 0.8101
985.3000 0.8103
987.0000 0.8104
987.5000 0.8106
988.1000 0.8108
989.6000 0.8110
991.1000 0.8111
991.3000 0.8113
992.2000 0.8115
994.4000 0.8116
994.5000 0.8118
995.4000 0.8120
995.5000 0.8121
995.7000 0.8123
995.8000 0.8125
997.3000 0.8126
997.4000 0.8128
997.7000 0.8130
998.8000 0.8131
999.9000 0.8133
1000.8000 0.8135
1002.9000 0.8136
1003.4000 0.8138
1004.2000 0.8140
1004.3000 0.8141
1004.4000 0.8143
1005.0000 0.8145
1005.0000 0.8146
1005.4000 0.8148
1007.9000 0.8150
1009.0000 0.8151
1010.0000 0.8153
1012.0000 0.8155
1012.8000 0.8156
1016.4000 0.8158
1016.6000 0.8160
1017.4000 0.8161
1018.7000 0.8163
1018.8000 0.8165
1021.8000 0.8166
1022.0000 0.8168
1022.1000 0.8170
1022.1000 0.8171
1023.5000 0.8173
1023.8000 0.8175
1025.8000 0.8176
1026.1000 0.8178
1026.2000 0.8180
1026.5000 0.8182
1026.7000 0.8183
1027.9000 0.8185
1028.5000 0.8187
1028.6000 0.8188
1028.8000 0.8190
1029.1000 0.8192
1030.8000 0.8193
1031.8000 0.8195
1034.1000 0.8197
1035.1000 0.8198
1035.5000 0.8200
1036.6000 0.8202
1037.1000 0.8203
1037.1000 0.8205
1038.2000 0.8207
1038.8000 0.8208
1038.9000 0.8210
1040.1000 0.8212
1040.2000 0.8213
1040.8000 0.8215
1041.0000 0.8217
1042.9000 0.8218
1047.4000 0.8220
1048.4000 0.8222
1049.1000 0.8223
1049.2000 0.8225
1050.0000 0.8227
1051.8000 0.8228
1051.9000 0.8230
1052.8000 0.8232
1053.1000 0.8233
1053.6000 0.8235
1054.6000 0.8237
1055.9000 0.8238
1056.1000 0.8240
1056.7000 0.8242
1057.1000 0.8243
1057.2000 0.8245
1059.3000 0.8247
1059.7000 0.8248
1060.6000 0.8250
1062.6000 0.8252
1064.8000 0.8254
1068.1000 0.8255
1068.7000 0.8257
1071.0000 0.8259
1072.1000 0.8260
1072.5000 0.8262
1072.9000 0.8264
1073.3000 0.8265
1074.8000 0.8267
1076.2000 0.8269
1077.5000 0.8270
1077.7000 0.8272
1079.2000 0.8274
1081.2000 0.8275
1081.7000 0.8277
1082.6000 0.8279
1082.7000 0.8280
1085.2000 0.8282
1085.6000 0.8284
1087.4000 0.8285
1089.0000 0.8287
1089.6000 0.8289
1089.7000 0.8290
1090.3000 0.8292
1091.9000 0.8294
1092.1000 0.8295
1093.0000 0.8297
1095.4000 0.8299
1096.2000 0.8300
1097.5000 0.8302
1098.7000 0.8304
1105.1000 0.8305
1106.1000 0.8307
1106.7000 0.8309
1108.9000 0.8310
1109.1000 0.8312
1109.4000 0.8314
1111.4000 0.8315
1115.6000 0.8317
1116.6000 0.8319
1117.0000 0.8320
1119.7000 0.8322
1120.2000 0.8324
1120.4000 0.8326
1121.8000 0.8327
1122.9000 0.8329
1124.0000 0.8331
1126.1000 0.8332
1126.3000 0.8334
1127.4000 0.8336
1127.5000 0.8337
1132.5000 0.8339
1133.3000 0.8341
1133.8000 0.8342
1135.0000 0.8344
1135.1000 0.8346
1136.5000 0.8347
1137.2000 0.8349
1138.4000 0.8351
1139.5000 0.8352
1140.8000 0.8354
1142.0000 0.8356
1142.1000 0.8357
1142.2000 0.8359
1142.6000 0.8361
1144.0000 0.8362
1144.0000 0.8364
1144.9000 0.8366
1145.4000 0.8367
1145.7000 0.8369
1145.9000 0.8371
1146.0000 0.8372
1146.5000 0.8374
1148.0000 0.8376
1149.7000 0.8377
1150.1000 0.8379
1151.2000 0.8381
1155.6000 0.8382
1156.9000 0.8384
1157.9000 0.8386
1158.4000 0.8387
1159.0000 0.8389
1159.6000 0.8391
1161.4000 0.8392
1164.3000 0.8394
1164.5000 0.8396
1165.7000 0.8398
1166.8000 0.8399
1169.1000 0.8401
1171.0000 0.8403
1172.3000 0.8404
1172.8000 0.8406
1173.2000 0.8408
1173.9000 0.8409
1175.1000 0.8411
1183.8000 0.8413
1188.8000 0.8414
1191.3000 0.8416
1192.2000 0.8418
1194.9000 0.8419
1196.7000 0.8421
1199.2000 0.8423
1200.2000 0.8424
1202.0000 0.8426
1202.4000 0.8428
1206.3000 0.8429
1206.9000 0.8431
1210.9000 0.8433
1211.2000 0.8434
1211.3000 0.8436
1213.6000 0.8438
1214.5000 0.8439
1216.7000 0.8441
1216.8000 0.8443
1217.9000 0.8444
1220.7000 0.8446
1220.8000 0.8448
1223.2000 0.8449
1223.8000 0.8451
1225.0000 0.8453
1228.3000 0.8454
1228.7000 0.8456
1229.2000 0.8458
1230.4000 0.8459
1232.6000 0.8461
1233.4000 0.8463
1233.5000 0.8465
1234.8000 0.8466
1235.5000 0.8468
1235.8000 0.8470
1236.8000 0.8471
1237.0000 0.8473
1240.3000 0.8475
1241.7000 0.8476
1241.7000 0.8478
1242.3000 0.8480
1242.8000 0.8481
1246.9000 0.8483
1249.8000 0.8485
1250.5000 0.8486
1252.5000 0.8488
1253.0000 0.8490
1254.0000 0.8491
1254.3000 0.8493
1255.4000 0.8495
1259.0000 0.8496
1260.9000 0.8498
1260.9000 0.8500
1261.8000 0.8501
1264.0000 0.8503
1265.7000 0.8505
1269.1000 0.8506
1269.7000 0.8508
1272.9000 0.8510
1274.9000 0.8511
1276.4000 0.8513
1279.4000 0.8515
1280.1000 0.8516
1281.3000 0.8518
1282.3000 0.8520
1283.8000 0.8521
1288.4000 0.8523
1288.7000 0.8525
1290.4000 0.8526
1291.0000 0.8528
1293.6000 0.8530
1294.8000 0.8531
1297.0000 0.8533
1297.4000 0.8535
1301.1000 0.8537
1303.0000 0.8538
1305.7000 0.8540
1306.7000 0.8542
1310.5000 0.8543
1311.7000 0.8545
1312.9000 0.8547
1313.0000 0.8548
1313.2000 0.8550
1317.0000 0.8552
1318.1000 0.8553
1318.2000 0.8555
1325.2000 0.8557
1326.6000 0.8558
1327.7000 0.8560
1328.1000 0.8562
1331.2000 0.8563
1333.9000 0.8565
1334.4000 0.8567
1335.2000 0.8568
1340.2000 0.8570
1341.2000 0.8572
1341.9000 0.8573
1346.2000 0.8575
1346.7000 0.8577
1347.1000 0.8578
1348.4000 0.8580
1349.6000 0.8582
1351.9000 0.8583
1352.2000 0.8585
1354.2000 0.8587
1355.8000 0.8588
1358.9000 0.8590
1362.9000 0.8592
1365.0000 0.8593
1365.7000 0.8595
1366.2000 0.8597
1368.0000 0.8598
1370.3000 0.8600
1370.9000 0.8602
1372.7000 0.8603
1374.3000 0.8605
1378.0000 0.8607
1378.4000 0.8609
1382.0000 0.8610
1386.1000 0.8612
1388.8000 0.8614
1390.4000 0.8615
1390.7000 0.8617
1391.1000 0.8619
1392.7000 0.8620
1393.8000 0.8622
1394.6000 0.8624
1395.8000 0.8625
1398.4000 0.8627
1399.2000 0.8629
1400.2000 0.8630
1405.9000 0.8632
1407.7000 0.8634
1410.6000 0.8635
1415.6000 0.8637
1417.9000 0.8639
1425.1000 0.8640
1428.6000 0.8642
1430.8000 0.8644
1431.6000 0.8645
1432.5000 0.8647
1432.6000 0.8649
1438.6000 0.8650
1441.6000 0.8652
1447.5000 0.8654
1448.6000 0.8655
1450.0000 0.8657
1450.9000 0.8659
1458.2000 0.8660
1458.8000 0.8662
1459.1000 0.8664
1462.0000 0.8665
1470.8000 0.8667
1471.9000 0.8669
1472.5000 0.8670
1474.7000 0.8672
1476.3000 0.8674
1479.1000 0.8675
1482.1000 0.8677
1482.6000 0.8679
1485.8000 0.8681
1489.6000 0.8682
1492.3000 0.8684
1495.5000 0.8686
1502.0000 0.8687
1511.1000 0.8689
1513.5000 0.8691
1515.7000 0.8692
1515.9000 0.8694
1530.0000 0.8696
1533.1000 0.8697
1536.3000 0.8699
1536.4000 0.8701
1536.4000 0.8702
1537.6000 0.8704
1539.1000 0.8706
1542.5000 0.8707
1544.1000 0.8709
1544.4000 0.8711
1545.3000 0.8712
1550.4000 0.8714
1551.6000 0.8716
1552.4000 0.8717
1559.9000 0.8719
1560.0000 0.8721
1560.6000 0.8722
1564.9000 0.8724
1567.6000 0.8726
1568.3000 0.8727
1568.5000 0.8729
1570.8000 0.8731
1575.5000 0.8732
1579.4000 0.8734
1582.0000 0.8736
1586.9000 0.8737
1587.5000 0.8739
1588.1000 0.8741
1595.8000 0.8742
1599.0000 0.8744
1606.4000 0.8746
1608.3000 0.8747
1609.8000 0.8749
1610.3000 0.8751
1611.5000 0.8753
1615.8000 0.8754
1618.5000 0.8756
1618.5000 0.8758
1623.4000 0.8759
1627.4000 0.8761
1631.1000 0.8763
1638.6000 0.8764
1642.3000 0.8766
1644.8000 0.8768
1650.8000 0.8769
1651.3000 0.8771
1657.8000 0.8773
1660.4000 0.8774
1690.6000 0.8776
1690.9000 0.8778
1693.9000 0.8779
1698.8000 0.8781
1699.8000 0.8783
1700.7000 0.8784
1706.0000 0.8786
1709.5000 0.8788
1714.2000 0.8789
1721.1000 0.8791
1722.8000 0.8793
1728.0000 0.8794
1734.1000 0.8796
1740.3000 0.8798
1748.3000 0.8799
1751.7000 0.8801
1752.5000 0.8803
1762.6000 0.8804
1764.8000 0.8806
1766.7000 0.8808
1767.0000 0.8809
1771.1000 0.8811
1774.9000 0.8813
1777.3000 0.8814
1783.4000 0.8816
1786.4000 0.8818
1802.9000 0.8819
1808.2000 0.8821
1812.8000 0.8823
1813.1000 0.8825
1819.5000 0.8826
1823.0000 0.8828
1832.2000 0.8830
1834.9000 0.8831
1837.1000 0.8833
1838.6000 0.8835
1838.6000 0.8836
1839.3000 0.8838
1853.4000 0.8840
1864.3000 0.8841
1869.2000 0.8843
1877.6000 0.8845
1885.7000 0.8846
1887.8000 0.8848
1889.6000 0.8850
1903.0000 0.8851
1912.0000 0.8853
1924.1000 0.8855
1926.0000 0.8856
1942.6000 0.8858
1953.7000 0.8860
1955.1000 0.8861
1963.4000 0.8863
1967.6000 0.8865
1979.3000 0.8866
1984.0000 0.8868
1995.2000 0.8870
2003.6000 0.8871
2005.3000 0.8873
2006.9000 0.8875
2017.7000 0.8876
2026.6000 0.8878
2036.1000 0.8880
2043.8000 0.8881
2048.5000 0.8883
2048.7000 0.8885
2050.7000 0.8886
2056.1000 0.8888
2077.6000 0.8890
2081.1000 0.8891
2087.7000 0.8893
2111.8000 0.8895
2115.9000 0.8897
2116.6000 0.8898
2118.6000 0.8900
2120.9000 0.8902
2140.5000 0.8903
2152.6000 0.8905
2167.7000 0.8907
2190.2000 0.8908
2215.1000 0.8910
2220.8000 0.8912
2233.2000 0.8913
2245.2000 0.8915
2266.3000 0.8917
2281.6000 0.8918
2287.3000 0.8920
2291.8000 0.8922
2303.8000 0.8923
2338.5000 0.8925
2339.2000 0.8927
2352.7000 0.8928
2354.7000 0.8930
2359.1000 0.8932
2362.6000 0.8933
2363.0000 0.8935
2398.6000 0.8937
2404.1000 0.8938
2444.1000 0.8940
2453.9000 0.8942
2465.5000 0.8943
2476.3000 0.8945
2520.6000 0.8947
2548.0000 0.8948
2549.3000 0.8950
2564.9000 0.8952
2567.1000 0.8953
2580.8000 0.8955
2586.0000 0.8957
2620.3000 0.8958
2651.1000 0.8960
2664.7000 0.8962
2698.6000 0.8963
2708.9000 0.8965
2718.8000 0.8967
2746.1000 0.8969
2810.9000 0.8970
2840.8000 0.8972
2861.8000 0.8974
2874.1000 0.8975
2927.5000 0.8977
2947.3000 0.8979
2989.4000 0.8980
3034.6000 0.8982
3067.5000 0.8984
3083.1000 0.8985
3106.0000 0.8987
3173.0000 0.8989
3224.4000 0.8990
3243.2000 0.8992
3331.9000 0.8994
3445.5000 0.8995
3463.3000 0.8997
3491.1000 0.8999
3521.7000 0.9000
3528.9000 0.9002
3565.0000 0.9004
3657.9000 0.9005
3668.7000 0.9007
3687.1000 0.9009
3719.9000 0.9010
3722.0000 0.9012
3744.4000 0.9014
3803.3000 0.9015
4057.6000 0.9017
4088.3000 0.9019
4144.4000 0.9020
4155.8000 0.9022
4190.0000 0.9024
4211.1000 0.9025
4254.7000 0.9027
4365.0000 0.9029
4628.0000 0.9030
4841.3000 0.9032
4939.8000 0.9034
4954.7000 0.9035
4985.1000 0.9037
5261.8000 0.9039
5733.8000 0.9041
6682.1000 0.9042
6966.8000 0.9044
6978.4000 0.9046
8255.5000 0.9047
8519.3000 0.9049
10577.4000 0.9051
11634.4000 0.9052
