# Scenario MargalhoTutorial
# distance at msg send, delivery time, hop count, MSG_ID
2565.8030 424.1000 1 A32
1009.7251 719.1000 2 A17
3588.0372 1262.3000 2 A12
1707.4702 1223.9000 1 A65
3231.7085 1068.7000 2 A81
1185.2415 1324.2000 1 A64
4732.2718 1756.7000 2 A34
9177.9582 2174.1000 1 A6
4735.6984 1586.3000 2 A49
4139.1150 792.8000 2 A104
12355.5175 2453.3000 2 A3
3178.2117 1679.9000 2 A71
2708.3014 2643.4000 1 A4
9078.4209 2525.3000 1 A14
4786.2238 1650.8000 1 A75
6706.7656 2137.4000 1 A85
6781.7015 1471.9000 1 A156
13795.9403 3223.4000 1 A33
13718.3753 3181.9000 1 A36
7566.8308 3675.9000 4 A13
5097.9692 2995.4000 1 A61
1547.6840 167.1000 1 A269
3373.5161 1098.6000 1 A204
4213.5780 4013.9000 2 A16
2524.8763 221.4000 1 A281
7552.3912 1717.3000 1 A177
4396.6604 1821.4000 1 A171
6846.5855 2847.9000 1 A99
5365.9669 2177.4000 1 A147
718.0780 2956.1000 1 A108
1885.4449 2364.6000 2 A151
8371.6922 1002.1000 1 A245
6844.6066 1836.3000 2 A203
5126.3517 2274.8000 1 A173
931.4908 509.6000 1 A323
6744.8918 1285.8000 1 A271
3843.2735 4720.2000 1 A45
4496.8877 3461.7000 1 A133
2037.7180 2327.1000 2 A236
3416.8814 4777.6000 1 A66
3974.6363 2316.1000 1 A243
2350.1948 427.1000 1 A375
8724.1210 1320.8000 1 A319
6551.9029 5007.3000 4 A62
3815.6723 4329.4000 1 A172
3304.5976 4205.9000 1 A181
4937.7056 6668.4000 2 A8
3459.4237 3566.6000 1 A231
2871.0973 630.1000 1 A437
4175.9732 3393.6000 1 A244
6555.5970 6475.1000 2 A29
1223.0897 6531.5000 3 A27
2281.2060 961.8000 1 A421
7196.9385 5242.3000 2 A121
2380.2408 1005.8000 1 A418
3639.4515 4040.7000 1 A208
4747.3263 2823.2000 1 A293
2227.7092 3318.7000 1 A258
5945.1385 5963.8000 1 A74
1324.4352 2558.3000 1 A313
66.5198 4.6000 1 A490
2202.2055 4297.1000 1 A194
5675.3972 2760.4000 1 A325
4448.0178 2622.9000 1 A335
6805.7164 4070.4000 2 A233
2472.8757 1153.0000 2 A447
5608.7155 3866.5000 1 A257
4660.2938 5547.5000 1 A141
9468.0439 2036.0000 1 A384
4063.4760 1064.5000 2 A453
4419.7556 3111.0000 2 A312
3613.3589 896.5000 1 A464
9963.8079 4457.6000 1 A220
5041.4300 1689.1000 1 A414
5819.9048 6589.1000 1 A86
2936.7293 5428.6000 1 A168
5307.1125 2137.4000 1 A417
1370.6535 6047.9000 1 A144
4134.8379 4473.4000 1 A253
4300.8899 6443.9000 2 A115
5220.0531 3938.4000 1 A291
3699.4370 400.1000 1 A536
3742.6639 6559.9000 1 A118
162.8338 431.7000 1 A553
5478.4245 7712.0000 2 A50
11532.7199 3266.5000 2 A360
7546.8974 1736.6000 1 A474
5958.7240 874.1000 1 A534
3426.5984 551.6000 1 A556
2003.8927 435.1000 1 A578
4547.1273 3203.6000 2 A387
2251.0843 2948.7000 1 A413
5657.7177 1157.0000 1 A548
2599.6297 3040.0000 1 A444
3267.3097 1280.5000 1 A563
4305.4635 2841.5000 1 A465
4056.5025 2738.0000 2 A485
6457.6297 3718.6000 1 A420
7777.8709 4391.1000 1 A371
4335.0291 5461.1000 2 A306
4882.5226 2633.6000 1 A499
8070.0459 -1.0000 -1 A1
6548.1889 -1.0000 -1 A2
3964.3129 -1.0000 -1 A5
3469.0732 -1.0000 -1 A7
8309.1287 -1.0000 -1 A9
2886.2075 -1.0000 -1 A609
5182.7040 -1.0000 -1 A607
6301.4512 -1.0000 -1 A608
3910.4805 -1.0000 -1 A605
6172.4812 -1.0000 -1 A606
2059.0740 -1.0000 -1 A603
14355.8053 -1.0000 -1 A604
5039.3525 -1.0000 -1 A601
2937.7808 -1.0000 -1 A602
6798.8479 -1.0000 -1 A600
4644.3630 -1.0000 -1 A618
2653.4051 -1.0000 -1 A619
6233.3513 -1.0000 -1 A616
4464.9260 -1.0000 -1 A617
7070.7414 -1.0000 -1 A614
8316.4631 -1.0000 -1 A615
7259.5460 -1.0000 -1 A612
13190.5374 -1.0000 -1 A613
4835.9486 -1.0000 -1 A610
6374.8836 -1.0000 -1 A611
5458.7526 -1.0000 -1 A508
7993.3501 -1.0000 -1 A629
2644.1619 -1.0000 -1 A509
4181.6949 -1.0000 -1 A506
8345.0950 -1.0000 -1 A627
8367.0570 -1.0000 -1 A507
11763.4722 -1.0000 -1 A628
1834.2474 -1.0000 -1 A504
7805.7056 -1.0000 -1 A625
2051.7359 -1.0000 -1 A505
4515.3513 -1.0000 -1 A626
1632.6381 -1.0000 -1 A502
7192.3824 -1.0000 -1 A623
3572.1456 -1.0000 -1 A503
5825.0969 -1.0000 -1 A624
2392.9749 -1.0000 -1 A500
6354.2242 -1.0000 -1 A621
1934.4294 -1.0000 -1 A501
5796.3754 -1.0000 -1 A622
13683.5450 -1.0000 -1 A620
5209.5084 -1.0000 -1 A519
17561.5107 -1.0000 -1 A517
4284.4034 -1.0000 -1 A638
2142.6228 -1.0000 -1 A518
6161.5894 -1.0000 -1 A639
2699.5769 -1.0000 -1 A515
5533.3986 -1.0000 -1 A636
16507.7150 -1.0000 -1 A516
6108.6842 -1.0000 -1 A637
2600.3391 -1.0000 -1 A513
17970.6680 -1.0000 -1 A634
12277.3881 -1.0000 -1 A514
3200.4741 -1.0000 -1 A635
4717.6566 -1.0000 -1 A511
5742.0668 -1.0000 -1 A632
4236.4268 -1.0000 -1 A512
4212.0242 -1.0000 -1 A633
7565.8276 -1.0000 -1 A630
9129.2229 -1.0000 -1 A510
3188.2319 -1.0000 -1 A631
5509.1832 -1.0000 -1 A409
3619.1128 -1.0000 -1 A407
7064.9843 -1.0000 -1 A528
6960.4074 -1.0000 -1 A649
3315.1360 -1.0000 -1 A408
6176.1962 -1.0000 -1 A529
4280.1770 -1.0000 -1 A405
3865.6547 -1.0000 -1 A526
3852.1645 -1.0000 -1 A647
2579.7861 -1.0000 -1 A406
6167.2063 -1.0000 -1 A527
11699.8079 -1.0000 -1 A648
3877.3148 -1.0000 -1 A403
2418.7178 -1.0000 -1 A524
4713.3681 -1.0000 -1 A645
3638.4938 -1.0000 -1 A404
1657.2058 -1.0000 -1 A525
3175.1098 -1.0000 -1 A646
6700.9453 -1.0000 -1 A401
2586.8462 -1.0000 -1 A522
4682.6401 -1.0000 -1 A643
2030.8543 -1.0000 -1 A402
13564.2995 -1.0000 -1 A523
4769.6989 -1.0000 -1 A644
15708.7927 -1.0000 -1 A520
15699.1632 -1.0000 -1 A641
6645.1117 -1.0000 -1 A400
7141.6968 -1.0000 -1 A521
6426.2938 -1.0000 -1 A642
8073.8824 -1.0000 -1 A640
2264.1005 -1.0000 -1 A539
2182.3953 -1.0000 -1 A419
3888.4751 -1.0000 -1 A416
7097.0325 -1.0000 -1 A537
8386.3063 -1.0000 -1 A658
1375.1355 -1.0000 -1 A538
2072.5069 -1.0000 -1 A659
4912.0302 -1.0000 -1 A535
4563.7855 -1.0000 -1 A656
5480.3850 -1.0000 -1 A415
4825.0859 -1.0000 -1 A657
7784.9318 -1.0000 -1 A412
9977.6043 -1.0000 -1 A533
6540.8963 -1.0000 -1 A654
4964.2446 -1.0000 -1 A655
2159.4646 -1.0000 -1 A410
13598.9714 -1.0000 -1 A531
10187.0886 -1.0000 -1 A652
3649.3427 -1.0000 -1 A411
5354.8959 -1.0000 -1 A532
10251.4911 -1.0000 -1 A653
7607.1813 -1.0000 -1 A650
14143.7979 -1.0000 -1 A530
11788.6751 -1.0000 -1 A651
11207.9493 -1.0000 -1 A308
2003.9177 -1.0000 -1 A429
3774.8257 -1.0000 -1 A309
1107.6303 -1.0000 -1 A427
14978.5663 -1.0000 -1 A669
13165.1620 -1.0000 -1 A307
3716.9757 -1.0000 -1 A428
17039.5725 -1.0000 -1 A549
2128.8776 -1.0000 -1 A304
6550.4814 -1.0000 -1 A425
4732.0352 -1.0000 -1 A546
15099.4560 -1.0000 -1 A667
8302.5243 -1.0000 -1 A305
3146.1974 -1.0000 -1 A426
6324.5005 -1.0000 -1 A547
3455.1595 -1.0000 -1 A668
16289.0810 -1.0000 -1 A302
3963.2738 -1.0000 -1 A423
3944.7605 -1.0000 -1 A544
10782.7056 -1.0000 -1 A665
16404.3500 -1.0000 -1 A303
3354.5599 -1.0000 -1 A424
3458.5526 -1.0000 -1 A545
5919.4609 -1.0000 -1 A666
4749.5834 -1.0000 -1 A300
13890.6930 -1.0000 -1 A542
1509.2809 -1.0000 -1 A663
6529.5300 -1.0000 -1 A301
1786.5276 -1.0000 -1 A422
14020.3343 -1.0000 -1 A543
14505.5477 -1.0000 -1 A664
3231.2300 -1.0000 -1 A540
7220.6347 -1.0000 -1 A661
6322.0640 -1.0000 -1 A541
6289.7916 -1.0000 -1 A662
6043.6204 -1.0000 -1 A660
5106.8806 -1.0000 -1 A317
570.8496 -1.0000 -1 A438
7125.1617 -1.0000 -1 A559
11538.5140 -1.0000 -1 A318
8824.7740 -1.0000 -1 A439
745.1987 -1.0000 -1 A315
4393.6483 -1.0000 -1 A436
5855.0071 -1.0000 -1 A557
292.3237 -1.0000 -1 A678
16107.1120 -1.0000 -1 A316
5699.6627 -1.0000 -1 A558
3332.5094 -1.0000 -1 A679
2899.7203 -1.0000 -1 A434
1885.0591 -1.0000 -1 A555
9443.2021 -1.0000 -1 A676
6223.6903 -1.0000 -1 A314
10077.1514 -1.0000 -1 A435
13500.2174 -1.0000 -1 A677
2968.3778 -1.0000 -1 A311
14853.9956 -1.0000 -1 A432
4469.9775 -1.0000 -1 A674
7292.1308 -1.0000 -1 A433
16470.9597 -1.0000 -1 A554
3795.7362 -1.0000 -1 A675
5484.7625 -1.0000 -1 A430
3739.1539 -1.0000 -1 A551
12819.4262 -1.0000 -1 A672
4134.8223 -1.0000 -1 A310
340.5997 -1.0000 -1 A431
7155.0174 -1.0000 -1 A552
8552.7465 -1.0000 -1 A673
9808.1882 -1.0000 -1 A670
7366.3537 -1.0000 -1 A550
6235.5120 -1.0000 -1 A671
16708.0548 -1.0000 -1 A209
1988.4656 -1.0000 -1 A207
12843.6397 -1.0000 -1 A328
4014.9990 -1.0000 -1 A449
2522.6958 -1.0000 -1 A329
6608.8813 -1.0000 -1 A205
3613.9724 -1.0000 -1 A326
3038.7627 -1.0000 -1 A568
3971.1686 -1.0000 -1 A689
11276.9591 -1.0000 -1 A206
9906.4842 -1.0000 -1 A327
186.6322 -1.0000 -1 A448
4322.2497 -1.0000 -1 A569
8304.8056 -1.0000 -1 A324
6164.8163 -1.0000 -1 A445
3654.3146 -1.0000 -1 A566
6952.8597 -1.0000 -1 A687
2882.6879 -1.0000 -1 A446
2284.5750 -1.0000 -1 A567
6359.8755 -1.0000 -1 A688
7858.1069 -1.0000 -1 A201
6270.7395 -1.0000 -1 A322
1980.6536 -1.0000 -1 A443
750.5297 -1.0000 -1 A564
1361.5900 -1.0000 -1 A685
4701.4243 -1.0000 -1 A202
3231.1098 -1.0000 -1 A565
3210.8330 -1.0000 -1 A686
11946.7547 -1.0000 -1 A320
16652.4461 -1.0000 -1 A441
2443.0142 -1.0000 -1 A562
11675.2887 -1.0000 -1 A683
4898.7235 -1.0000 -1 A200
2155.4068 -1.0000 -1 A321
6188.5375 -1.0000 -1 A442
7669.0825 -1.0000 -1 A684
2651.7835 -1.0000 -1 A560
3097.7822 -1.0000 -1 A681
3246.6865 -1.0000 -1 A440
7481.5008 -1.0000 -1 A561
4947.0470 -1.0000 -1 A682
9224.7538 -1.0000 -1 A680
4444.2667 -1.0000 -1 A218
4987.2356 -1.0000 -1 A339
7093.1988 -1.0000 -1 A219
9873.3301 -1.0000 -1 A216
5250.1280 -1.0000 -1 A337
2167.4169 -1.0000 -1 A458
6407.8796 -1.0000 -1 A579
10575.0011 -1.0000 -1 A217
4886.9966 -1.0000 -1 A338
3889.9639 -1.0000 -1 A459
3930.2530 -1.0000 -1 A214
7023.6793 -1.0000 -1 A456
4639.0508 -1.0000 -1 A577
7733.4492 -1.0000 -1 A215
3305.8269 -1.0000 -1 A336
3086.3689 -1.0000 -1 A457
4083.4905 -1.0000 -1 A212
5260.1059 -1.0000 -1 A333
6081.0187 -1.0000 -1 A454
3961.6228 -1.0000 -1 A575
4719.1888 -1.0000 -1 A213
14544.1310 -1.0000 -1 A334
2275.9417 -1.0000 -1 A455
5903.1119 -1.0000 -1 A576
6090.6825 -1.0000 -1 A210
5504.8363 -1.0000 -1 A331
12345.0357 -1.0000 -1 A452
1437.7228 -1.0000 -1 A573
5632.1757 -1.0000 -1 A211
266.6000 -1.0000 -1 A332
3932.1170 -1.0000 -1 A574
8027.7659 -1.0000 -1 A450
2284.2511 -1.0000 -1 A571
5793.6509 -1.0000 -1 A330
4363.2330 -1.0000 -1 A451
2857.0830 -1.0000 -1 A572
3362.4892 -1.0000 -1 A570
11431.8429 -1.0000 -1 A229
9395.0484 -1.0000 -1 A109
2854.6307 -1.0000 -1 A106
1272.9311 -1.0000 -1 A227
8409.1815 -1.0000 -1 A348
4327.4960 -1.0000 -1 A469
3626.9053 -1.0000 -1 A107
4674.6540 -1.0000 -1 A228
7033.7256 -1.0000 -1 A349
8402.3129 -1.0000 -1 A225
17978.4053 -1.0000 -1 A346
1545.0018 -1.0000 -1 A467
13797.8191 -1.0000 -1 A588
330.0768 -1.0000 -1 A105
5007.0798 -1.0000 -1 A226
7066.3744 -1.0000 -1 A347
3991.6534 -1.0000 -1 A468
1417.3845 -1.0000 -1 A589
6606.5567 -1.0000 -1 A102
17155.4193 -1.0000 -1 A223
7792.7681 -1.0000 -1 A344
14513.9213 -1.0000 -1 A586
16547.8405 -1.0000 -1 A103
3974.4326 -1.0000 -1 A224
4771.8477 -1.0000 -1 A345
1840.5743 -1.0000 -1 A466
15804.3198 -1.0000 -1 A587
890.3021 -1.0000 -1 A100
4379.2512 -1.0000 -1 A221
14352.4278 -1.0000 -1 A342
15998.9642 -1.0000 -1 A463
5394.4436 -1.0000 -1 A584
17278.1615 -1.0000 -1 A101
4594.5980 -1.0000 -1 A222
7372.8865 -1.0000 -1 A343
1859.4129 -1.0000 -1 A585
459.2320 -1.0000 -1 A340
2325.5688 -1.0000 -1 A461
13659.9504 -1.0000 -1 A582
3691.7353 -1.0000 -1 A341
6022.7411 -1.0000 -1 A462
5487.1396 -1.0000 -1 A583
7733.6381 -1.0000 -1 A580
5128.5822 -1.0000 -1 A460
3516.4340 -1.0000 -1 A581
8927.2846 -1.0000 -1 A10
10228.4504 -1.0000 -1 A11
3155.1626 -1.0000 -1 A15
3561.0894 -1.0000 -1 A119
3620.4703 -1.0000 -1 A18
17858.6225 -1.0000 -1 A117
8355.5914 -1.0000 -1 A238
3790.4547 -1.0000 -1 A359
5202.6773 -1.0000 -1 A19
4324.1769 -1.0000 -1 A239
8112.0803 -1.0000 -1 A357
17164.7652 -1.0000 -1 A478
2640.1560 -1.0000 -1 A599
6249.3451 -1.0000 -1 A116
6893.2190 -1.0000 -1 A237
9359.7203 -1.0000 -1 A358
3981.5654 -1.0000 -1 A479
7190.7082 -1.0000 -1 A113
5873.4178 -1.0000 -1 A234
6083.8980 -1.0000 -1 A355
12811.6848 -1.0000 -1 A476
2808.3074 -1.0000 -1 A597
17469.6064 -1.0000 -1 A114
9518.5923 -1.0000 -1 A235
2510.2980 -1.0000 -1 A356
4227.2074 -1.0000 -1 A477
3277.7581 -1.0000 -1 A598
11111.3287 -1.0000 -1 A111
2264.6148 -1.0000 -1 A232
2404.7555 -1.0000 -1 A353
1084.4372 -1.0000 -1 A595
1693.3161 -1.0000 -1 A112
6517.2367 -1.0000 -1 A354
2345.3711 -1.0000 -1 A475
3364.2529 -1.0000 -1 A596
5722.7825 -1.0000 -1 A230
6113.6023 -1.0000 -1 A351
3181.8216 -1.0000 -1 A472
17429.4046 -1.0000 -1 A593
6695.0484 -1.0000 -1 A110
5279.2104 -1.0000 -1 A352
4193.3262 -1.0000 -1 A473
7548.7166 -1.0000 -1 A594
2562.6945 -1.0000 -1 A470
5898.2582 -1.0000 -1 A591
2397.9528 -1.0000 -1 A350
3284.2055 -1.0000 -1 A471
2833.6674 -1.0000 -1 A592
4934.4241 -1.0000 -1 A590
3619.3728 -1.0000 -1 A20
2365.6883 -1.0000 -1 A21
9463.7288 -1.0000 -1 A22
8640.4303 -1.0000 -1 A23
13465.3921 -1.0000 -1 A24
13459.7055 -1.0000 -1 A25
4551.4449 -1.0000 -1 A26
8823.6687 -1.0000 -1 A28
2024.7646 -1.0000 -1 A128
6804.1038 -1.0000 -1 A249
3801.4102 -1.0000 -1 A129
2577.6669 -1.0000 -1 A126
6071.2061 -1.0000 -1 A247
2422.4297 -1.0000 -1 A368
3478.7304 -1.0000 -1 A489
11196.5004 -1.0000 -1 A127
1732.9972 -1.0000 -1 A248
15892.2076 -1.0000 -1 A369
7618.2400 -1.0000 -1 A124
3574.7483 -1.0000 -1 A366
6275.3914 -1.0000 -1 A487
1813.9878 -1.0000 -1 A125
2364.9075 -1.0000 -1 A246
5003.3357 -1.0000 -1 A367
16866.3894 -1.0000 -1 A488
4481.4555 -1.0000 -1 A122
9125.9079 -1.0000 -1 A364
3590.8057 -1.0000 -1 A123
2581.5231 -1.0000 -1 A365
6728.5602 -1.0000 -1 A486
14082.1331 -1.0000 -1 A120
1051.4863 -1.0000 -1 A241
2225.8944 -1.0000 -1 A362
14872.8319 -1.0000 -1 A483
16875.6091 -1.0000 -1 A242
1116.7226 -1.0000 -1 A363
6531.3332 -1.0000 -1 A484
2058.9568 -1.0000 -1 A481
17614.1592 -1.0000 -1 A240
4667.2834 -1.0000 -1 A361
2099.3084 -1.0000 -1 A482
14036.5111 -1.0000 -1 A480
14963.9897 -1.0000 -1 A30
4104.2925 -1.0000 -1 A31
2641.2039 -1.0000 -1 A35
15792.7419 -1.0000 -1 A37
4717.9524 -1.0000 -1 A38
6397.7088 -1.0000 -1 A39
2471.4121 -1.0000 -1 A139
1199.8480 -1.0000 -1 A137
4501.2263 -1.0000 -1 A379
1476.1359 -1.0000 -1 A138
2140.5003 -1.0000 -1 A259
2654.6141 -1.0000 -1 A135
1977.5245 -1.0000 -1 A256
10351.6561 -1.0000 -1 A377
5231.9389 -1.0000 -1 A498
4170.4069 -1.0000 -1 A136
4883.2748 -1.0000 -1 A378
10935.0610 -1.0000 -1 A254
13432.6642 -1.0000 -1 A496
8691.4143 -1.0000 -1 A134
2543.5063 -1.0000 -1 A255
7763.8005 -1.0000 -1 A376
2187.3765 -1.0000 -1 A497
12763.1897 -1.0000 -1 A131
2502.8328 -1.0000 -1 A252
3383.3807 -1.0000 -1 A373
3907.7373 -1.0000 -1 A494
18531.7550 -1.0000 -1 A132
2478.7654 -1.0000 -1 A374
8105.0871 -1.0000 -1 A495
7346.1729 -1.0000 -1 A250
2811.8098 -1.0000 -1 A492
7505.8754 -1.0000 -1 A130
7709.0330 -1.0000 -1 A251
15303.4462 -1.0000 -1 A372
7800.8674 -1.0000 -1 A493
10086.1458 -1.0000 -1 A370
5897.1233 -1.0000 -1 A491
9337.7932 -1.0000 -1 A40
3412.4998 -1.0000 -1 A41
1647.7994 -1.0000 -1 A42
3030.6500 -1.0000 -1 A43
7001.7649 -1.0000 -1 A44
5325.3915 -1.0000 -1 A46
9994.4377 -1.0000 -1 A47
12248.3821 -1.0000 -1 A48
6413.2924 -1.0000 -1 A148
13774.7924 -1.0000 -1 A149
4779.6830 -1.0000 -1 A146
3266.9081 -1.0000 -1 A267
3581.1072 -1.0000 -1 A388
11013.0542 -1.0000 -1 A268
15426.3230 -1.0000 -1 A389
1164.3377 -1.0000 -1 A265
1735.6402 -1.0000 -1 A386
7187.8165 -1.0000 -1 A145
1915.7111 -1.0000 -1 A266
2366.9581 -1.0000 -1 A142
3891.8465 -1.0000 -1 A263
2970.0566 -1.0000 -1 A143
7386.6564 -1.0000 -1 A264
6955.1431 -1.0000 -1 A385
3649.0158 -1.0000 -1 A140
4374.7073 -1.0000 -1 A261
10806.2344 -1.0000 -1 A382
996.8051 -1.0000 -1 A262
2352.0747 -1.0000 -1 A383
2445.7694 -1.0000 -1 A380
5178.1738 -1.0000 -1 A260
2589.0637 -1.0000 -1 A381
2518.4716 -1.0000 -1 A51
3674.4322 -1.0000 -1 A52
9003.2266 -1.0000 -1 A53
8170.3559 -1.0000 -1 A54
7458.9411 -1.0000 -1 A55
7023.8536 -1.0000 -1 A56
15985.5939 -1.0000 -1 A57
2991.6249 -1.0000 -1 A58
7137.5971 -1.0000 -1 A59
3261.7157 -1.0000 -1 A159
3579.7708 -1.0000 -1 A157
3139.7531 -1.0000 -1 A278
14990.2156 -1.0000 -1 A399
2028.0151 -1.0000 -1 A158
9500.9485 -1.0000 -1 A279
10164.5625 -1.0000 -1 A155
4095.1982 -1.0000 -1 A276
2474.4602 -1.0000 -1 A397
4513.0225 -1.0000 -1 A277
4018.1869 -1.0000 -1 A398
21230.2344 -1.0000 -1 A153
4808.3976 -1.0000 -1 A274
4568.9185 -1.0000 -1 A395
3411.9909 -1.0000 -1 A154
14806.8759 -1.0000 -1 A275
2927.1437 -1.0000 -1 A396
4892.9012 -1.0000 -1 A272
10724.0679 -1.0000 -1 A393
484.9964 -1.0000 -1 A152
4127.9328 -1.0000 -1 A273
2564.8152 -1.0000 -1 A394
2131.3871 -1.0000 -1 A270
2587.2638 -1.0000 -1 A391
15336.1140 -1.0000 -1 A150
15068.9161 -1.0000 -1 A392
2463.3015 -1.0000 -1 A390
1357.0887 -1.0000 -1 A60
12295.0762 -1.0000 -1 A63
1742.7206 -1.0000 -1 A67
4128.2783 -1.0000 -1 A68
7871.7558 -1.0000 -1 A69
7592.4159 -1.0000 -1 A289
1455.6836 -1.0000 -1 A169
8216.2009 -1.0000 -1 A166
17515.1796 -1.0000 -1 A287
15782.6173 -1.0000 -1 A167
8056.4961 -1.0000 -1 A288
7159.7039 -1.0000 -1 A164
2253.3802 -1.0000 -1 A285
5243.0130 -1.0000 -1 A165
5418.5533 -1.0000 -1 A286
5356.3701 -1.0000 -1 A162
249.6627 -1.0000 -1 A283
2968.3472 -1.0000 -1 A163
3226.9016 -1.0000 -1 A284
8695.0317 -1.0000 -1 A160
5612.2039 -1.0000 -1 A161
7169.0218 -1.0000 -1 A282
7327.0218 -1.0000 -1 A280
3622.5788 -1.0000 -1 A70
6696.0034 -1.0000 -1 A72
4219.1704 -1.0000 -1 A73
3719.0139 -1.0000 -1 A76
14436.7852 -1.0000 -1 A77
11554.0596 -1.0000 -1 A78
16268.0078 -1.0000 -1 A79
4619.6360 -1.0000 -1 A179
8591.1132 -1.0000 -1 A298
3572.3174 -1.0000 -1 A178
3057.2558 -1.0000 -1 A299
2691.2630 -1.0000 -1 A175
7474.7150 -1.0000 -1 A296
5249.8374 -1.0000 -1 A176
7980.7213 -1.0000 -1 A297
4287.2235 -1.0000 -1 A294
4155.2793 -1.0000 -1 A174
16975.2086 -1.0000 -1 A295
4252.8717 -1.0000 -1 A292
9188.1116 -1.0000 -1 A290
4899.1671 -1.0000 -1 A170
12526.0278 -1.0000 -1 A80
16881.0568 -1.0000 -1 A82
14267.6912 -1.0000 -1 A83
2853.2811 -1.0000 -1 A84
19641.0937 -1.0000 -1 A87
3392.3139 -1.0000 -1 A88
874.7790 -1.0000 -1 A89
3328.0444 -1.0000 -1 A188
7438.8868 -1.0000 -1 A189
3416.7149 -1.0000 -1 A186
7001.5459 -1.0000 -1 A187
2703.9713 -1.0000 -1 A184
8455.2438 -1.0000 -1 A185
5981.8761 -1.0000 -1 A182
2765.0102 -1.0000 -1 A183
4208.6115 -1.0000 -1 A180
20726.9493 -1.0000 -1 A90
2916.7806 -1.0000 -1 A91
2613.9807 -1.0000 -1 A92
8433.7357 -1.0000 -1 A93
18696.3101 -1.0000 -1 A94
14906.1728 -1.0000 -1 A95
14927.3937 -1.0000 -1 A96
4753.1439 -1.0000 -1 A97
5879.7917 -1.0000 -1 A98
5557.3880 -1.0000 -1 A199
4438.9486 -1.0000 -1 A197
2117.4114 -1.0000 -1 A198
2093.6805 -1.0000 -1 A195
1004.5222 -1.0000 -1 A196
5569.1239 -1.0000 -1 A193
4410.8146 -1.0000 -1 A191
12888.7714 -1.0000 -1 A192
6813.7316 -1.0000 -1 A190
